11 45.27,103.95,0.00 67.0,141.0,0 44.40,160.00,0.00
12 45.75,104.31,0.00 66.0,142.0,0 44.80,160.00,0.00
13 46.23,104.67,0.00 67.0,143.0,0 45.20,160.00,0.00
14 46.71,105.03,0.00 67.0,141.0,0 45.60,160.00,0.00
15 47.19,105.39,0.00 71.0,143.0,0 46.00,160.00,0.00
16 47.66,105.75,0.00 68.0,146.0,0 46.40,160.00,0.00
17 48.14,106.11,0.00 67.0,145.0,0 46.80,160.00,0.00
18 48.62,106.47,0.00 67.0,145.0,0 47.20,160.00,0.00
19 49.10,106.83,0.00 71.0,145.0,0 47.60,160.00,0.00
20 49.58,107.19,0.00 71.0,143.0,0 48.00,160.00,0.00
21 50.06,107.54,0.00 68.0,144.0,0 48.40,160.00,0.00
22 50.54,107.90,0.00 70.0,146.0,0 48.80,160.00,0.00
23 51.02,108.26,0.00 67.0,145.0,0 49.20,160.00,0.00
24 51.50,108.62,0.00 69.0,143.0,0 49.60,160.00,0.00
25 51.98,108.98,0.00 70.0,140.0,0 50.00,160.00,0.00
26 52.46,109.34,0.00 69.0,141.0,0 50.40,160.00,0.00
27 52.93,109.70,0.00 67.0,145.0,0 50.80,160.00,0.00
28 53.41,110.06,0.00 69.0,147.0,0 51.20,160.00,0.00
29 53.89,110.42,0.00 71.0,147.0,0 51.60,160.00,0.00
30 54.37,110.78,0.00 73.0,149.0,0 52.00,160.00,0.00
31 54.85,111.14,0.00 70.0,152.0,0 52.40,160.00,0.00
32 55.33,111.50,0.00 70.0,152.0,0 52.80,160.00,0.00
33 55.81,111.86,0.00 71.0,151.0,0 53.20,160.00,0.00
34 56.29,112.22,0.00 74.0,150.0,0 53.60,160.00,0.00
35 56.77,112.57,0.00 74.0,150.0,0 54.00,160.00,0.00
36 57.25,112.93,0.00 72.0,148.0,0 54.40,160.00,0.00
37 57.72,113.29,0.00 70.0,144.0,0 54.80,160.00,0.00
38 58.20,113.65,0.00 67.0,141.0,0 55.20,160.00,0.00
39 58.68,114.01,0.00 64.0,138.0,0 55.60,160.00,0.00
40 59.16,114.37,0.00 64.0,138.0,0 56.00,160.00,0.00
41 59.64,114.73,0.00 63.0,137.0,0 56.40,160.00,0.00
42 60.12,115.09,0.00 65.0,139.0,0 56.80,160.00,0.00
43 60.60,115.45,0.00 68.0,142.0,0 57.20,160.00,0.00
44 61.08,115.81,0.00 68.0,146.0,0 57.60,160.00,0.00
45 61.56,116.17,0.00 67.0,145.0,0 58.00,160.00,0.00
46 62.04,116.53,0.00 66.0,148.0,0 58.40,160.00,0.00
47 62.51,116.89,0.00 64.0,150.0,0 58.80,160.00,0.00
48 62.99,117.25,0.00 65.0,151.0,0 59.20,160.00,0.00
49 63.47,117.60,0.00 66.0,154.0,0 59.60,160.00,0.00
50 63.95,117.96,0.00 68.0,152.0,0 60.00,160.00,0.00
