station,associatedTo,time,battery,rssi,x,y,z
sta1,ap4,1579966638021,100,[-76.0],40.48,100.36,0.00
sta1,ap4,1579966638395,100,[-76.0],40.96,100.72,0.00
sta1,ap4,1579966638774,100,[-76.0],41.44,101.08,0.00
sta1,ap4,1579966639150,100,[-76.0],41.92,101.44,0.00
sta1,ap4,1579966639527,100,[-75.0],42.40,101.80,0.00
sta1,ap4,1579966639916,100,[-75.0],42.87,102.16,0.00
sta1,ap4,1579966640307,100,[-75.0],43.35,102.51,0.00
sta1,ap4,1579966640688,100,[-75.0],43.83,102.87,0.00
sta1,ap4,1579966641063,100,[-75.0],44.31,103.23,0.00
sta1,ap4,1579966641445,100,[-75.0],44.79,103.59,0.00
sta1,ap4,1579966641823,100,[-75.0],45.27,103.95,0.00
sta1,ap4,1579966642233,100,[-75.0],45.75,104.31,0.00
sta1,ap4,1579966642610,100,[-75.0],46.23,104.67,0.00
sta1,ap4,1579966642992,100,[-75.0],46.71,105.03,0.00
sta1,ap4,1579966643363,100,[-75.0],47.19,105.39,0.00
sta1,ap4,1579966643742,100,[-74.0],47.66,105.75,0.00
sta1,ap4,1579966644126,100,[-74.0],48.14,106.11,0.00
sta1,ap4,1579966644497,100,[-74.0],48.62,106.47,0.00
sta1,ap4,1579966644870,100,[-74.0],49.10,106.83,0.00
sta1,ap4,1579966645239,100,[-74.0],49.58,107.19,0.00
sta1,ap4,1579966645619,100,[-74.0],50.06,107.54,0.00
sta1,ap4,1579966645992,100,[-74.0],50.54,107.90,0.00
sta1,ap4,1579966646367,100,[-74.0],51.02,108.26,0.00
sta1,ap4,1579966646779,100,[-74.0],51.50,108.62,0.00
sta1,ap4,1579966647149,100,[-74.0],51.98,108.98,0.00
sta1,ap4,1579966647520,100,[-74.0],52.46,109.34,0.00
sta1,ap4,1579966647907,100,[-73.0],52.93,109.70,0.00
sta1,ap4,1579966648284,100,[-73.0],53.41,110.06,0.00
sta1,ap4,1579966648653,100,[-73.0],53.89,110.42,0.00
sta1,ap4,1579966649035,100,[-73.0],54.37,110.78,0.00
sta1,ap4,1579966649398,100,[-73.0],54.85,111.14,0.00
sta1,ap4,1579966649756,100,[-73.0],55.33,111.50,0.00
sta1,ap4,1579966650115,100,[-73.0],55.81,111.86,0.00
sta1,ap4,1579966650472,100,[-73.0],56.29,112.22,0.00
sta1,ap4,1579966650845,100,[-73.0],56.77,112.57,0.00
sta1,ap4,1579966651258,100,[-73.0],57.25,112.93,0.00
sta1,ap4,1579966651633,100,[-73.0],57.72,113.29,0.00
sta1,ap4,1579966652006,100,[-73.0],58.20,113.65,0.00
sta1,ap4,1579966652392,100,[-73.0],58.68,114.01,0.00
sta1,ap4,1579966652765,100,[-73.0],59.16,114.37,0.00
sta1,ap4,1579966653140,100,[-73.0],59.64,114.73,0.00
sta1,ap4,1579966653523,100,[-72.0],60.12,115.09,0.00
sta1,ap4,1579966653905,100,[-72.0],60.60,115.45,0.00
sta1,ap4,1579966654303,100,[-72.0],61.08,115.81,0.00
sta1,ap4,1579966654682,100,[-72.0],61.56,116.17,0.00
sta1,ap4,1579966655058,100,[-72.0],62.04,116.53,0.00
sta1,ap4,1579966655436,100,[-72.0],62.51,116.89,0.00
sta1,ap4,1579966655835,100,[-72.0],62.99,117.25,0.00
sta1,ap4,1579966656209,100,[-72.0],63.47,117.60,0.00
sta1,ap4,1579966656583,100,[-72.0],63.95,117.96,0.00
sta1,ap4,1579966656959,100,[-72.0],64.43,118.32,0.00
sta1,ap4,1579966657328,100,[-72.0],64.91,118.68,0.00
sta1,ap4,1579966657694,100,[-72.0],65.39,119.04,0.00
sta1,ap4,1579966658073,100,[-72.0],65.87,119.40,0.00
sta1,ap4,1579966658444,100,[-72.0],66.35,119.76,0.00
sta1,ap4,1579966658811,100,[-72.0],66.83,120.12,0.00
sta1,ap4,1579966659181,100,[-72.0],67.31,120.48,0.00
sta1,ap4,1579966659557,100,[-72.0],67.78,120.84,0.00
sta1,ap4,1579966659927,100,[-72.0],68.26,121.20,0.00
sta1,ap4,1579966660320,100,[-72.0],68.74,121.56,0.00
sta1,ap4,1579966660705,100,[-72.0],69.22,121.92,0.00
sta1,ap4,1579966661073,100,[-72.0],69.70,122.28,0.00
sta1,ap4,1579966661446,100,[-72.0],70.18,122.63,0.00
sta1,ap4,1579966661819,100,[-72.0],70.66,122.99,0.00
sta1,ap4,1579966662183,100,[-72.0],71.14,123.35,0.00
sta1,ap4,1579966662556,100,[-72.0],71.62,123.71,0.00
sta1,ap4,1579966662928,100,[-72.0],72.10,124.07,0.00
sta1,ap4,1579966663311,100,[-72.0],72.57,124.43,0.00
sta1,ap4,1579966663679,100,[-72.0],73.05,124.79,0.00
sta1,ap4,1579966664048,100,[-72.0],73.53,125.15,0.00
sta1,ap4,1579966664421,100,[-72.0],74.01,125.51,0.00
sta1,ap4,1579966664818,100,[-72.0],74.49,125.87,0.00
sta1,ap4,1579966665183,100,[-72.0],74.97,126.23,0.00
sta1,ap4,1579966665558,100,[-72.0],75.45,126.59,0.00
sta1,ap4,1579966665930,100,[-73.0],75.93,126.95,0.00
sta1,ap4,1579966666302,100,[-73.0],76.41,127.31,0.00
sta1,ap4,1579966666678,100,[-73.0],76.89,127.66,0.00
sta1,ap4,1579966667052,100,[-73.0],77.37,128.02,0.00
sta1,ap4,1579966667432,100,[-73.0],77.84,128.38,0.00
sta1,ap4,1579966667805,100,[-73.0],78.32,128.74,0.00
sta1,ap4,1579966668179,100,[-73.0],78.80,129.10,0.00
sta1,ap4,1579966668553,100,[-73.0],79.28,129.46,0.00
sta1,ap4,1579966668929,100,[-73.0],79.76,129.82,0.00
sta1,ap4,1579966669326,100,[-73.0],80.24,130.18,0.00
sta1,ap4,1579966669695,100,[-73.0],80.72,130.54,0.00
sta1,ap4,1579966670065,100,[-73.0],81.20,130.90,0.00
sta1,ap4,1579966670443,100,[-73.0],81.68,131.26,0.00
sta1,ap4,1579966670813,100,[-73.0],82.16,131.62,0.00
sta1,ap4,1579966671187,100,[-73.0],82.63,131.98,0.00
sta1,ap4,1579966671560,100,[-74.0],83.11,132.34,0.00
sta1,ap4,1579966671933,100,[-74.0],83.59,132.69,0.00
sta1,ap4,1579966672305,100,[-74.0],84.07,133.05,0.00
sta1,ap4,1579966672675,100,[-74.0],84.55,133.41,0.00
sta1,ap4,1579966673048,100,[-74.0],85.03,133.77,0.00
sta1,ap4,1579966673427,100,[-74.0],85.51,134.13,0.00
sta1,ap4,1579966673824,100,[-74.0],85.99,134.49,0.00
sta1,ap4,1579966674201,100,[-74.0],86.47,134.85,0.00
sta1,ap4,1579966674565,100,[-74.0],86.95,135.21,0.00
sta1,ap4,1579966674937,100,[-74.0],87.43,135.57,0.00
sta1,ap4,1579966675310,100,[-74.0],87.90,135.93,0.00
sta1,ap3,1579966675710,99.9,[-74.0],88.38,136.29,0.00
sta1,ap3,1579966676085,99.9,[-77.0],88.86,136.65,0.00
sta1,ap3,1579966676460,99.9,[-77.0],89.34,137.01,0.00
sta1,ap3,1579966676837,99.9,[-77.0],89.82,137.37,0.00
sta1,ap3,1579966677211,99.9,[-76.0],90.30,137.72,0.00
sta1,ap3,1579966677594,99.9,[-76.0],90.78,138.08,0.00
sta1,ap3,1579966677974,99.9,[-76.0],91.26,138.44,0.00
sta1,ap3,1579966678403,99.9,[-76.0],91.74,138.80,0.00
sta1,ap3,1579966678775,99.9,[-76.0],92.22,139.16,0.00
sta1,ap3,1579966679153,99.9,[-75.0],92.69,139.52,0.00
sta1,ap3,1579966679533,99.9,[-75.0],93.17,139.88,0.00
sta1,ap3,1579966679910,99.9,[-75.0],93.65,140.24,0.00
sta1,ap3,1579966680310,99.9,[-75.0],94.13,140.60,0.00
sta1,ap3,1579966680688,99.9,[-75.0],94.61,140.96,0.00
sta1,ap3,1579966681067,99.9,[-75.0],95.09,141.32,0.00
sta1,ap3,1579966681433,99.9,[-74.0],95.57,141.68,0.00
sta1,ap3,1579966681806,99.9,[-74.0],96.05,142.04,0.00
sta1,ap3,1579966682179,99.9,[-74.0],96.53,142.40,0.00
sta1,ap3,1579966682552,99.9,[-74.0],97.01,142.75,0.00
sta1,ap3,1579966682950,99.9,[-74.0],97.49,143.11,0.00
sta1,ap3,1579966683323,99.9,[-73.0],97.96,143.47,0.00
sta1,ap3,1579966683688,99.9,[-73.0],98.44,143.83,0.00
sta1,ap3,1579966684065,99.9,[-73.0],98.92,144.19,0.00
sta1,ap3,1579966684434,99.9,[-73.0],99.40,144.55,0.00
sta1,ap3,1579966684817,99.9,[-72.0],99.88,144.91,0.00
sta1,ap3,1579966685181,99.9,[-72.0],100.36,145.27,0.00
sta1,ap3,1579966685563,99.9,[-72.0],100.84,145.63,0.00
sta1,ap3,1579966685949,99.9,[-72.0],101.32,145.99,0.00
sta1,ap3,1579966686328,99.9,[-72.0],101.80,146.35,0.00
sta1,ap3,1579966686708,99.9,[-71.0],102.28,146.71,0.00
sta1,ap3,1579966687086,99.9,[-71.0],102.75,147.07,0.00
sta1,ap3,1579966687501,99.9,[-71.0],103.23,147.43,0.00
sta1,ap3,1579966687879,99.9,[-71.0],103.71,147.78,0.00
sta1,ap3,1579966688253,99.9,[-70.0],104.19,148.14,0.00
sta1,ap3,1579966688627,99.9,[-70.0],104.67,148.50,0.00
sta1,ap3,1579966688997,99.9,[-70.0],105.15,148.86,0.00
sta1,ap3,1579966689370,99.9,[-70.0],105.63,149.22,0.00
sta1,ap3,1579966689741,99.9,[-69.0],106.11,149.58,0.00
sta1,ap3,1579966690118,99.9,[-69.0],106.59,149.94,0.00
sta1,ap3,1579966690492,99.9,[-69.0],107.07,150.30,0.00
sta1,ap3,1579966690881,99.9,[-69.0],107.54,150.66,0.00
sta1,ap3,1579966691254,99.9,[-68.0],108.02,151.02,0.00
sta1,ap3,1579966691628,99.9,[-68.0],108.50,151.38,0.00
sta1,ap3,1579966692044,99.9,[-68.0],108.98,151.74,0.00
sta1,ap3,1579966692424,99.9,[-68.0],109.46,152.10,0.00
sta1,ap3,1579966692797,99.9,[-67.0],109.94,152.46,0.00
sta1,ap3,1579966693180,99.9,[-67.0],110.42,152.81,0.00
sta1,ap3,1579966693553,99.9,[-67.0],110.90,153.17,0.00
sta1,ap3,1579966693930,99.9,[-66.0],111.38,153.53,0.00
sta1,ap3,1579966694302,99.9,[-66.0],111.86,153.89,0.00
sta1,ap3,1579966694673,99.9,[-66.0],112.34,154.25,0.00
sta1,ap3,1579966695062,99.9,[-66.0],112.81,154.61,0.00
sta1,ap3,1579966695437,99.9,[-65.0],113.29,154.97,0.00
sta1,ap3,1579966695811,99.9,[-65.0],113.77,155.33,0.00
sta1,ap3,1579966696178,99.9,[-65.0],114.25,155.69,0.00
sta1,ap3,1579966696572,99.9,[-65.0],114.73,156.05,0.00
sta1,ap3,1579966696934,99.9,[-64.0],115.21,156.41,0.00
sta1,ap3,1579966697309,99.9,[-64.0],115.69,156.77,0.00
sta1,ap3,1579966697677,99.9,[-64.0],116.17,157.13,0.00
sta1,ap3,1579966698058,99.9,[-64.0],116.65,157.49,0.00
sta1,ap3,1579966698439,99.9,[-64.0],117.13,157.84,0.00
sta1,ap3,1579966698811,99.9,[-63.0],117.60,158.20,0.00
sta1,ap3,1579966699189,99.9,[-63.0],118.08,158.56,0.00
sta1,ap3,1579966699560,99.9,[-63.0],118.56,158.92,0.00
sta1,ap3,1579966699933,99.9,[-63.0],119.04,159.28,0.00
sta1,ap3,1579966700309,99.9,[-63.0],119.52,159.64,0.00
sta1,ap3,1579966700675,99.9,[-63.0],120.00,160.00,0.00
sta1,ap3,1579966701066,99.9,[-63.0],119.52,159.64,0.00
sta1,ap3,1579966701432,99.9,[-63.0],119.04,159.28,0.00
sta1,ap3,1579966701808,99.9,[-63.0],118.55,158.92,0.00
sta1,ap3,1579966702176,99.9,[-63.0],118.07,158.55,0.00
sta1,ap3,1579966702550,99.9,[-63.0],117.59,158.19,0.00
sta1,ap3,1579966702929,99.9,[-64.0],117.11,157.83,0.00
sta1,ap3,1579966703304,99.9,[-64.0],116.63,157.47,0.00
sta1,ap3,1579966703680,99.9,[-64.0],116.14,157.11,0.00
sta1,ap3,1579966704061,99.9,[-64.0],115.66,156.75,0.00
sta1,ap3,1579966704426,99.9,[-64.0],115.18,156.39,0.00
sta1,ap3,1579966704795,99.9,[-65.0],114.70,156.02,0.00
sta1,ap3,1579966705168,99.9,[-65.0],114.22,155.66,0.00
sta1,ap3,1579966705540,99.9,[-65.0],113.73,155.30,0.00
sta1,ap3,1579966705913,99.9,[-65.0],113.25,154.94,0.00
sta1,ap3,1579966706317,99.9,[-66.0],112.77,154.58,0.00
sta1,ap3,1579966706681,99.9,[-66.0],112.29,154.22,0.00
sta1,ap3,1579966707055,99.9,[-66.0],111.81,153.86,0.00
sta1,ap3,1579966707430,99.9,[-67.0],111.33,153.49,0.00
sta1,ap3,1579966707801,99.9,[-67.0],110.84,153.13,0.00
sta1,ap3,1579966708179,99.9,[-67.0],110.36,152.77,0.00
sta1,ap3,1579966708550,99.9,[-67.0],109.88,152.41,0.00
sta1,ap3,1579966708920,99.9,[-68.0],109.40,152.05,0.00
sta1,ap3,1579966709295,99.9,[-68.0],108.92,151.69,0.00
sta1,ap3,1579966709676,99.9,[-68.0],108.43,151.33,0.00
sta1,ap3,1579966710049,99.9,[-68.0],107.95,150.96,0.00
sta1,ap3,1579966710421,99.9,[-69.0],107.47,150.60,0.00
sta1,ap3,1579966710815,99.9,[-69.0],106.99,150.24,0.00
sta1,ap3,1579966711196,99.9,[-69.0],106.51,149.88,0.00
sta1,ap3,1579966711563,99.9,[-69.0],106.02,149.52,0.00
sta1,ap3,1579966711929,99.9,[-70.0],105.54,149.16,0.00
sta1,ap3,1579966712286,99.9,[-70.0],105.06,148.80,0.00
sta1,ap3,1579966712658,99.9,[-70.0],104.58,148.43,0.00
sta1,ap3,1579966713035,99.9,[-70.0],104.10,148.07,0.00
sta1,ap3,1579966713412,99.9,[-71.0],103.61,147.71,0.00
sta1,ap3,1579966713781,99.9,[-71.0],103.13,147.35,0.00
sta1,ap3,1579966714150,99.9,[-71.0],102.65,146.99,0.00
sta1,ap3,1579966714523,99.9,[-71.0],102.17,146.63,0.00
sta1,ap3,1579966714899,99.9,[-72.0],101.69,146.27,0.00
sta1,ap3,1579966715302,99.9,[-72.0],101.20,145.90,0.00
sta1,ap3,1579966715676,99.9,[-72.0],100.72,145.54,0.00
sta1,ap3,1579966716048,99.9,[-72.0],100.24,145.18,0.00
sta1,ap3,1579966716425,99.9,[-73.0],99.76,144.82,0.00
sta1,ap3,1579966716803,99.9,[-73.0],99.28,144.46,0.00
sta1,ap3,1579966717187,99.9,[-73.0],98.80,144.10,0.00
sta1,ap3,1579966717551,99.9,[-73.0],98.31,143.73,0.00
sta1,ap3,1579966717921,99.9,[-73.0],97.83,143.37,0.00
sta1,ap3,1579966718292,99.9,[-74.0],97.35,143.01,0.00
sta1,ap3,1579966718663,99.9,[-74.0],96.87,142.65,0.00
sta1,ap3,1579966719036,99.9,[-74.0],96.39,142.29,0.00
sta1,ap3,1579966719408,99.9,[-74.0],95.90,141.93,0.00
sta1,ap3,1579966719810,99.9,[-74.0],95.42,141.57,0.00
sta1,ap4,1579966720206,99.8,[-75.0],94.94,141.20,0.00
sta1,ap4,1579966720580,99.8,[-76.0],94.46,140.84,0.00
sta1,ap4,1579966720961,99.8,[-76.0],93.98,140.48,0.00
sta1,ap4,1579966721337,99.8,[-76.0],93.49,140.12,0.00
sta1,ap4,1579966721711,99.8,[-75.0],93.01,139.76,0.00
sta1,ap4,1579966722087,99.8,[-75.0],92.53,139.40,0.00
sta1,ap4,1579966722461,99.8,[-75.0],92.05,139.04,0.00
sta1,ap4,1579966722846,99.8,[-75.0],91.57,138.67,0.00
sta1,ap4,1579966723222,99.8,[-75.0],91.08,138.31,0.00
sta1,ap4,1579966723598,99.8,[-75.0],90.60,137.95,0.00
sta1,ap4,1579966723975,99.8,[-75.0],90.12,137.59,0.00
sta1,ap4,1579966724389,99.8,[-75.0],89.64,137.23,0.00
sta1,ap4,1579966724758,99.8,[-75.0],89.16,136.87,0.00
sta1,ap4,1579966725127,99.8,[-75.0],88.67,136.51,0.00
sta1,ap4,1579966725502,99.8,[-74.0],88.19,136.14,0.00
sta1,ap4,1579966725876,99.8,[-74.0],87.71,135.78,0.00
sta1,ap4,1579966726249,99.8,[-74.0],87.23,135.42,0.00
sta1,ap4,1579966726621,99.8,[-74.0],86.75,135.06,0.00
sta1,ap4,1579966726995,99.8,[-74.0],86.27,134.70,0.00
sta1,ap4,1579966727376,99.8,[-74.0],85.78,134.34,0.00
sta1,ap4,1579966727753,99.8,[-74.0],85.30,133.98,0.00
sta1,ap4,1579966728135,99.8,[-74.0],84.82,133.61,0.00
sta1,ap4,1579966728509,99.8,[-74.0],84.34,133.25,0.00
sta1,ap4,1579966728922,99.8,[-74.0],83.86,132.89,0.00
sta1,ap4,1579966729300,99.8,[-74.0],83.37,132.53,0.00
sta1,ap4,1579966729678,99.8,[-73.0],82.89,132.17,0.00
sta1,ap4,1579966730056,99.8,[-73.0],82.41,131.81,0.00
sta1,ap4,1579966730431,99.8,[-73.0],81.93,131.45,0.00
sta1,ap4,1579966730802,99.8,[-73.0],81.45,131.08,0.00
sta1,ap4,1579966731177,99.8,[-73.0],80.96,130.72,0.00
sta1,ap4,1579966731548,99.8,[-73.0],80.48,130.36,0.00
sta1,ap4,1579966731919,99.8,[-73.0],80.00,130.00,0.00
sta1,ap4,1579966732291,99.8,[-73.0],79.52,129.64,0.00
sta1,ap4,1579966732663,99.8,[-73.0],79.04,129.28,0.00
sta1,ap4,1579966733039,99.8,[-73.0],78.55,128.92,0.00
sta1,ap4,1579966733447,99.8,[-73.0],78.07,128.55,0.00
sta1,ap4,1579966733830,99.8,[-73.0],77.59,128.19,0.00
sta1,ap4,1579966734193,99.8,[-73.0],77.11,127.83,0.00
sta1,ap4,1579966734556,99.8,[-73.0],76.63,127.47,0.00
sta1,ap4,1579966734926,99.8,[-73.0],76.14,127.11,0.00
sta1,ap4,1579966735301,99.8,[-73.0],75.66,126.75,0.00
sta1,ap4,1579966735701,99.8,[-72.0],75.18,126.39,0.00
sta1,ap4,1579966736075,99.8,[-72.0],74.70,126.02,0.00
sta1,ap4,1579966736462,99.8,[-72.0],74.22,125.66,0.00
sta1,ap4,1579966736884,99.8,[-72.0],73.73,125.30,0.00
sta1,ap4,1579966737254,99.8,[-72.0],73.25,124.94,0.00
sta1,ap4,1579966737627,99.8,[-72.0],72.77,124.58,0.00
sta1,ap4,1579966738034,99.8,[-72.0],72.29,124.22,0.00
sta1,ap4,1579966738418,99.8,[-72.0],71.81,123.86,0.00
sta1,ap4,1579966738793,99.8,[-72.0],71.33,123.49,0.00
sta1,ap4,1579966739161,99.8,[-72.0],70.84,123.13,0.00
sta1,ap4,1579966739533,99.8,[-72.0],70.36,122.77,0.00
sta1,ap4,1579966739912,99.8,[-72.0],69.88,122.41,0.00
sta1,ap4,1579966740286,99.8,[-72.0],69.40,122.05,0.00
sta1,ap4,1579966740684,99.8,[-72.0],68.92,121.69,0.00
sta1,ap4,1579966741068,99.8,[-72.0],68.43,121.33,0.00
sta1,ap4,1579966741439,99.8,[-72.0],67.95,120.96,0.00
sta1,ap4,1579966741806,99.8,[-72.0],67.47,120.60,0.00
sta1,ap4,1579966742186,99.8,[-72.0],66.99,120.24,0.00
sta1,ap4,1579966742577,99.8,[-72.0],66.51,119.88,0.00
sta1,ap4,1579966742950,99.8,[-72.0],66.02,119.52,0.00
sta1,ap4,1579966743336,99.8,[-72.0],65.54,119.16,0.00
sta1,ap4,1579966743729,99.8,[-72.0],65.06,118.80,0.00
sta1,ap4,1579966744102,99.8,[-72.0],64.58,118.43,0.00
sta1,ap4,1579966744477,99.8,[-72.0],64.10,118.07,0.00
sta1,ap4,1579966744855,99.8,[-72.0],63.61,117.71,0.00
sta1,ap4,1579966745258,99.8,[-72.0],63.13,117.35,0.00
sta1,ap4,1579966745636,99.8,[-72.0],62.65,116.99,0.00
sta1,ap4,1579966746024,99.8,[-72.0],62.17,116.63,0.00
sta1,ap4,1579966746405,99.8,[-72.0],61.69,116.27,0.00
sta1,ap4,1579966746777,99.8,[-72.0],61.20,115.90,0.00
sta1,ap4,1579966747182,99.8,[-72.0],60.72,115.54,0.00
sta1,ap4,1579966747556,99.8,[-72.0],60.24,115.18,0.00
sta1,ap4,1579966747935,99.8,[-73.0],59.76,114.82,0.00
sta1,ap4,1579966748307,99.8,[-73.0],59.28,114.46,0.00
sta1,ap4,1579966748683,99.8,[-73.0],58.80,114.10,0.00
sta1,ap4,1579966749063,99.8,[-73.0],58.31,113.73,0.00
sta1,ap4,1579966749432,99.8,[-73.0],57.83,113.37,0.00
sta1,ap4,1579966749797,99.8,[-73.0],57.35,113.01,0.00
sta1,ap4,1579966750169,99.8,[-73.0],56.87,112.65,0.00
sta1,ap4,1579966750548,99.8,[-73.0],56.39,112.29,0.00
sta1,ap4,1579966750922,99.8,[-73.0],55.90,111.93,0.00
sta1,ap4,1579966751300,99.8,[-73.0],55.42,111.57,0.00
sta1,ap4,1579966751694,99.8,[-73.0],54.94,111.20,0.00
sta1,ap4,1579966752072,99.8,[-73.0],54.46,110.84,0.00
sta1,ap4,1579966752445,99.8,[-73.0],53.98,110.48,0.00
sta1,ap4,1579966752807,99.8,[-73.0],53.49,110.12,0.00
sta1,ap4,1579966753180,99.8,[-73.0],53.01,109.76,0.00
sta1,ap4,1579966753567,99.8,[-74.0],52.53,109.40,0.00
sta1,ap4,1579966753930,99.8,[-74.0],52.05,109.04,0.00
sta1,ap4,1579966754303,99.8,[-74.0],51.57,108.67,0.00
sta1,ap4,1579966754672,99.8,[-74.0],51.08,108.31,0.00
sta1,ap4,1579966755053,99.8,[-74.0],50.60,107.95,0.00
sta1,ap4,1579966755423,99.8,[-74.0],50.12,107.59,0.00
sta1,ap4,1579966755798,99.8,[-74.0],49.64,107.23,0.00
sta1,ap4,1579966756197,99.8,[-74.0],49.16,106.87,0.00
sta1,ap4,1579966756575,99.8,[-74.0],48.67,106.51,0.00
sta1,ap4,1579966757040,99.8,[-74.0],48.19,106.14,0.00
sta1,ap4,1579966757431,99.8,[-74.0],47.71,105.78,0.00
sta1,ap4,1579966757804,99.8,[-74.0],47.23,105.42,0.00
sta1,ap4,1579966758193,99.8,[-75.0],46.75,105.06,0.00
sta1,ap4,1579966758562,99.8,[-75.0],46.27,104.70,0.00
sta1,ap4,1579966758932,99.8,[-75.0],45.78,104.34,0.00
sta1,ap4,1579966759308,99.8,[-75.0],45.30,103.98,0.00
sta1,ap4,1579966759678,99.8,[-75.0],44.82,103.61,0.00
sta1,ap4,1579966760056,99.8,[-75.0],44.34,103.25,0.00
sta1,ap4,1579966760435,99.8,[-75.0],43.86,102.89,0.00
sta1,ap4,1579966760830,99.8,[-75.0],43.37,102.53,0.00
sta1,ap4,1579966761205,99.8,[-75.0],42.89,102.17,0.00
sta1,ap4,1579966761582,99.8,[-75.0],42.41,101.81,0.00
sta1,ap4,1579966761966,99.8,[-76.0],41.93,101.45,0.00
sta1,ap4,1579966762341,99.8,[-76.0],41.45,101.08,0.00
sta1,ap4,1579966762718,99.8,[-76.0],40.96,100.72,0.00
sta1,ap4,1579966763094,99.8,[-76.0],40.48,100.36,0.00
sta1,ap4,1579966763470,99.8,[-76.0],40.00,100.00,0.00
sta1,ap4,1579966763859,99.8,[-76.0],40.48,100.36,0.00
sta1,ap4,1579966764241,99.8,[-76.0],40.96,100.72,0.00
sta1,ap4,1579966764610,99.8,[-76.0],41.44,101.08,0.00
sta1,ap4,1579966764991,99.8,[-76.0],41.92,101.44,0.00
sta1,ap4,1579966765368,99.8,[-75.0],42.40,101.80,0.00
sta1,ap4,1579966765746,99.8,[-75.0],42.87,102.16,0.00
sta1,ap4,1579966766190,99.8,[-75.0],43.35,102.51,0.00
sta1,ap4,1579966766586,99.8,[-75.0],43.83,102.87,0.00
sta1,ap4,1579966766962,99.8,[-75.0],44.31,103.23,0.00
sta1,ap4,1579966767340,99.8,[-75.0],44.79,103.59,0.00
sta1,ap4,1579966767718,99.8,[-75.0],45.27,103.95,0.00
sta1,ap4,1579966768098,99.8,[-75.0],45.75,104.31,0.00
sta1,ap4,1579966768476,99.8,[-75.0],46.23,104.67,0.00
sta1,ap4,1579966768851,99.8,[-75.0],46.71,105.03,0.00
sta1,ap4,1579966769224,99.8,[-75.0],47.19,105.39,0.00
sta1,ap4,1579966769596,99.8,[-74.0],47.66,105.75,0.00
sta1,ap4,1579966769962,99.8,[-74.0],48.14,106.11,0.00
sta1,ap4,1579966770334,99.8,[-74.0],48.62,106.47,0.00
sta1,ap4,1579966770745,99.8,[-74.0],49.10,106.83,0.00
sta1,ap4,1579966771117,99.8,[-74.0],49.58,107.19,0.00
sta1,ap4,1579966771499,99.8,[-74.0],50.06,107.54,0.00
sta1,ap4,1579966771868,99.8,[-74.0],50.54,107.90,0.00
sta1,ap4,1579966772237,99.8,[-74.0],51.02,108.26,0.00
sta1,ap4,1579966772624,99.8,[-74.0],51.50,108.62,0.00
sta1,ap4,1579966773004,99.8,[-74.0],51.98,108.98,0.00
sta1,ap4,1579966773363,99.8,[-74.0],52.46,109.34,0.00
sta1,ap4,1579966773731,99.8,[-73.0],52.93,109.70,0.00
sta1,ap4,1579966774093,99.8,[-73.0],53.41,110.06,0.00
sta1,ap4,1579966774456,99.8,[-73.0],53.89,110.42,0.00
sta1,ap4,1579966774822,99.8,[-73.0],54.37,110.78,0.00
sta1,ap4,1579966775235,99.8,[-73.0],54.85,111.14,0.00
sta1,ap4,1579966775607,99.8,[-73.0],55.33,111.50,0.00
sta1,ap4,1579966775982,99.8,[-73.0],55.81,111.86,0.00
sta1,ap4,1579966776359,99.8,[-73.0],56.29,112.22,0.00
sta1,ap4,1579966776747,99.8,[-73.0],56.77,112.57,0.00
sta1,ap4,1579966777157,99.8,[-73.0],57.25,112.93,0.00
sta1,ap4,1579966777548,99.8,[-73.0],57.72,113.29,0.00
sta1,ap4,1579966777923,99.8,[-73.0],58.20,113.65,0.00
sta1,ap4,1579966778298,99.8,[-73.0],58.68,114.01,0.00
sta1,ap4,1579966778672,99.8,[-73.0],59.16,114.37,0.00
sta1,ap4,1579966779046,99.8,[-73.0],59.64,114.73,0.00
sta1,ap4,1579966779433,99.8,[-72.0],60.12,115.09,0.00
sta1,ap4,1579966779840,99.8,[-72.0],60.60,115.45,0.00
sta1,ap4,1579966780232,99.8,[-72.0],61.08,115.81,0.00
sta1,ap4,1579966780608,99.8,[-72.0],61.56,116.17,0.00
sta1,ap4,1579966780988,99.8,[-72.0],62.04,116.53,0.00
sta1,ap4,1579966781364,99.8,[-72.0],62.51,116.89,0.00
sta1,ap4,1579966781735,99.8,[-72.0],62.99,117.25,0.00
sta1,ap4,1579966782108,99.8,[-72.0],63.47,117.60,0.00
sta1,ap4,1579966782478,99.8,[-72.0],63.95,117.96,0.00
sta1,ap4,1579966782854,99.8,[-72.0],64.43,118.32,0.00
sta1,ap4,1579966783225,99.8,[-72.0],64.91,118.68,0.00
sta1,ap4,1579966783605,99.8,[-72.0],65.39,119.04,0.00
sta1,ap4,1579966783974,99.8,[-72.0],65.87,119.40,0.00
sta1,ap4,1579966784387,99.8,[-72.0],66.35,119.76,0.00
sta1,ap4,1579966784763,99.8,[-72.0],66.83,120.12,0.00
sta1,ap4,1579966785137,99.8,[-72.0],67.31,120.48,0.00
sta1,ap4,1579966785508,99.8,[-72.0],67.78,120.84,0.00
sta1,ap4,1579966785878,99.8,[-72.0],68.26,121.20,0.00
sta1,ap4,1579966786264,99.8,[-72.0],68.74,121.56,0.00
sta1,ap4,1579966786645,99.8,[-72.0],69.22,121.92,0.00
sta1,ap4,1579966787020,99.8,[-72.0],69.70,122.28,0.00
sta1,ap4,1579966787401,99.8,[-72.0],70.18,122.63,0.00
sta1,ap4,1579966787772,99.8,[-72.0],70.66,122.99,0.00
sta1,ap4,1579966788157,99.8,[-72.0],71.14,123.35,0.00
sta1,ap4,1579966788530,99.8,[-72.0],71.62,123.71,0.00
sta1,ap4,1579966788933,99.8,[-72.0],72.10,124.07,0.00
sta1,ap4,1579966789300,99.8,[-72.0],72.57,124.43,0.00
sta1,ap4,1579966789673,99.8,[-72.0],73.05,124.79,0.00
sta1,ap4,1579966790046,99.8,[-72.0],73.53,125.15,0.00
sta1,ap4,1579966790416,99.8,[-72.0],74.01,125.51,0.00
sta1,ap4,1579966790795,99.8,[-72.0],74.49,125.87,0.00
sta1,ap4,1579966791166,99.8,[-72.0],74.97,126.23,0.00
sta1,ap4,1579966791544,99.8,[-72.0],75.45,126.59,0.00
sta1,ap4,1579966791916,99.8,[-73.0],75.93,126.95,0.00
sta1,ap4,1579966792293,99.8,[-73.0],76.41,127.31,0.00
sta1,ap4,1579966792664,99.8,[-73.0],76.89,127.66,0.00
sta1,ap4,1579966793064,99.8,[-73.0],77.37,128.02,0.00
sta1,ap4,1579966793450,99.8,[-73.0],77.84,128.38,0.00
sta1,ap4,1579966793821,99.8,[-73.0],78.32,128.74,0.00
sta1,ap4,1579966794232,99.8,[-73.0],78.80,129.10,0.00
sta1,ap4,1579966794607,99.8,[-73.0],79.28,129.46,0.00
sta1,ap4,1579966794987,99.8,[-73.0],79.76,129.82,0.00
sta1,ap4,1579966795366,99.8,[-73.0],80.24,130.18,0.00
sta1,ap4,1579966795753,99.8,[-73.0],80.72,130.54,0.00
sta1,ap4,1579966796128,99.8,[-73.0],81.20,130.90,0.00
sta1,ap4,1579966796506,99.8,[-73.0],81.68,131.26,0.00
sta1,ap4,1579966796885,99.8,[-73.0],82.16,131.62,0.00
sta1,ap4,1579966797262,99.8,[-73.0],82.63,131.98,0.00
sta1,ap4,1579966797634,99.8,[-74.0],83.11,132.34,0.00
sta1,ap4,1579966798048,99.8,[-74.0],83.59,132.69,0.00
sta1,ap4,1579966798422,99.8,[-74.0],84.07,133.05,0.00
sta1,ap4,1579966798794,99.8,[-74.0],84.55,133.41,0.00
sta1,ap4,1579966799169,99.8,[-74.0],85.03,133.77,0.00
sta1,ap4,1579966799546,99.8,[-74.0],85.51,134.13,0.00
sta1,ap4,1579966799926,99.8,[-74.0],85.99,134.49,0.00
sta1,ap4,1579966800304,99.8,[-74.0],86.47,134.85,0.00
sta1,ap4,1579966800673,99.8,[-74.0],86.95,135.21,0.00
sta1,ap4,1579966801047,99.8,[-74.0],87.43,135.57,0.00
sta1,ap4,1579966801425,99.8,[-74.0],87.90,135.93,0.00
sta1,ap3,1579966801846,99.7,[-74.0],88.38,136.29,0.00
sta1,ap3,1579966802223,99.7,[-77.0],88.86,136.65,0.00
sta1,ap3,1579966802652,99.7,[-77.0],89.34,137.01,0.00
sta1,ap3,1579966803026,99.7,[-77.0],89.82,137.37,0.00
sta1,ap3,1579966803402,99.7,[-76.0],90.30,137.72,0.00
sta1,ap3,1579966803775,99.7,[-76.0],90.78,138.08,0.00
sta1,ap3,1579966804181,99.7,[-76.0],91.26,138.44,0.00
sta1,ap3,1579966804556,99.7,[-76.0],91.74,138.80,0.00
sta1,ap3,1579966804919,99.7,[-76.0],92.22,139.16,0.00
sta1,ap3,1579966805280,99.7,[-75.0],92.69,139.52,0.00
sta1,ap3,1579966805654,99.7,[-75.0],93.17,139.88,0.00
sta1,ap3,1579966806036,99.7,[-75.0],93.65,140.24,0.00
sta1,ap3,1579966806412,99.7,[-75.0],94.13,140.60,0.00
sta1,ap3,1579966806785,99.7,[-75.0],94.61,140.96,0.00
sta1,ap3,1579966807186,99.7,[-75.0],95.09,141.32,0.00
sta1,ap3,1579966807552,99.7,[-74.0],95.57,141.68,0.00
sta1,ap3,1579966807921,99.7,[-74.0],96.05,142.04,0.00
sta1,ap3,1579966808299,99.7,[-74.0],96.53,142.40,0.00
sta1,ap3,1579966808671,99.7,[-74.0],97.01,142.75,0.00
sta1,ap3,1579966809046,99.7,[-74.0],97.49,143.11,0.00
sta1,ap3,1579966809421,99.7,[-73.0],97.96,143.47,0.00
sta1,ap3,1579966809792,99.7,[-73.0],98.44,143.83,0.00
sta1,ap3,1579966810176,99.7,[-73.0],98.92,144.19,0.00
sta1,ap3,1579966810553,99.7,[-73.0],99.40,144.55,0.00
sta1,ap3,1579966810920,99.7,[-72.0],99.88,144.91,0.00
sta1,ap3,1579966811293,99.7,[-72.0],100.36,145.27,0.00
sta1,ap3,1579966811695,99.7,[-72.0],100.84,145.63,0.00
sta1,ap3,1579966812076,99.7,[-72.0],101.32,145.99,0.00
sta1,ap3,1579966812457,99.7,[-72.0],101.80,146.35,0.00
sta1,ap3,1579966812825,99.7,[-71.0],102.28,146.71,0.00
sta1,ap3,1579966813197,99.7,[-71.0],102.75,147.07,0.00
sta1,ap3,1579966813562,99.7,[-71.0],103.23,147.43,0.00
sta1,ap3,1579966813927,99.7,[-71.0],103.71,147.78,0.00
sta1,ap3,1579966814300,99.7,[-70.0],104.19,148.14,0.00
sta1,ap3,1579966814672,99.7,[-70.0],104.67,148.50,0.00
sta1,ap3,1579966815049,99.7,[-70.0],105.15,148.86,0.00
sta1,ap3,1579966815429,99.7,[-70.0],105.63,149.22,0.00
sta1,ap3,1579966815803,99.7,[-69.0],106.11,149.58,0.00
sta1,ap3,1579966816197,99.7,[-69.0],106.59,149.94,0.00
sta1,ap3,1579966816560,99.7,[-69.0],107.07,150.30,0.00
sta1,ap3,1579966816930,99.7,[-69.0],107.54,150.66,0.00
sta1,ap3,1579966817294,99.7,[-68.0],108.02,151.02,0.00
sta1,ap3,1579966817666,99.7,[-68.0],108.50,151.38,0.00
sta1,ap3,1579966818035,99.7,[-68.0],108.98,151.74,0.00
sta1,ap3,1579966818409,99.7,[-68.0],109.46,152.10,0.00
sta1,ap3,1579966818785,99.7,[-67.0],109.94,152.46,0.00
sta1,ap3,1579966819169,99.7,[-67.0],110.42,152.81,0.00
sta1,ap3,1579966819543,99.7,[-67.0],110.90,153.17,0.00
sta1,ap3,1579966819917,99.7,[-66.0],111.38,153.53,0.00
sta1,ap3,1579966820294,99.7,[-66.0],111.86,153.89,0.00
sta1,ap3,1579966820697,99.7,[-66.0],112.34,154.25,0.00
sta1,ap3,1579966821068,99.7,[-66.0],112.81,154.61,0.00
sta1,ap3,1579966821435,99.7,[-65.0],113.29,154.97,0.00
sta1,ap3,1579966821803,99.7,[-65.0],113.77,155.33,0.00
sta1,ap3,1579966822177,99.7,[-65.0],114.25,155.69,0.00
sta1,ap3,1579966822547,99.7,[-65.0],114.73,156.05,0.00
sta1,ap3,1579966822920,99.7,[-64.0],115.21,156.41,0.00
sta1,ap3,1579966823292,99.7,[-64.0],115.69,156.77,0.00
sta1,ap3,1579966823666,99.7,[-64.0],116.17,157.13,0.00
sta1,ap3,1579966824040,99.7,[-64.0],116.65,157.49,0.00
sta1,ap3,1579966824417,99.7,[-64.0],117.13,157.84,0.00
sta1,ap3,1579966824779,99.7,[-63.0],117.60,158.20,0.00
sta1,ap3,1579966825188,99.7,[-63.0],118.08,158.56,0.00
sta1,ap3,1579966825565,99.7,[-63.0],118.56,158.92,0.00
sta1,ap3,1579966825950,99.7,[-63.0],119.04,159.28,0.00
sta1,ap3,1579966826325,99.7,[-63.0],119.52,159.64,0.00
