station,associatedTo,time,battery,rssi,x,y,z
sta1,ap4,1573592451745,100,[-70.0],88.8,123.5,0.0
sta1,ap4,1573592452108,100,[-70.0],90.3,122.3,0.0
sta1,ap4,1573592452459,100,[-69.0],91.8,121.1,0.0
sta1,ap4,1573592452818,100,[-70.0],93.0,122.6,0.0
sta1,ap4,1573592453180,100,[-69.0],91.8,121.1,0.0
sta1,ap4,1573592453531,100,[-69.0],93.3,119.9,0.0
sta1,ap4,1573592453894,100,[-69.0],91.8,121.1,0.0
sta1,ap4,1573592454248,100,[-70.0],93.0,122.6,0.0
sta1,ap4,1573592454599,100,[-69.0],94.5,121.4,0.0
sta1,ap4,1573592454949,100,[-70.0],93.0,122.6,0.0
sta1,ap4,1573592455316,100,[-69.0],91.8,121.1,0.0
sta1,ap4,1573592455674,100,[-69.0],90.6,119.6,0.0
sta1,ap4,1573592456026,100,[-69.0],89.1,120.8,0.0
sta1,ap4,1573592456378,100,[-69.0],87.9,119.3,0.0
sta1,ap4,1573592456728,100,[-68.0],86.7,117.8,0.0
sta1,ap4,1573592457078,100,[-69.0],87.9,119.3,0.0
sta1,ap4,1573592457427,100,[-69.0],86.4,120.5,0.0
sta1,ap4,1573592457811,100,[-70.0],87.6,122.0,0.0
sta1,ap4,1573592458165,100,[-69.0],89.1,120.8,0.0
sta1,ap4,1573592458515,100,[-70.0],90.3,122.3,0.0
sta1,ap4,1573592458870,100,[-70.0],88.8,123.5,0.0
sta1,ap4,1573592459241,100,[-70.0],87.6,122.0,0.0
sta1,ap4,1573592459592,100,[-69.0],89.1,120.8,0.0
sta1,ap4,1573592459953,100,[-70.0],87.6,122.0,0.0
sta1,ap4,1573592460313,100,[-70.0],88.8,123.5,0.0
sta1,ap4,1573592460669,100,[-70.0],90.3,122.3,0.0
sta1,ap4,1573592461024,100,[-70.0],88.8,123.5,0.0
sta1,ap4,1573592461374,100,[-70.0],87.6,122.0,0.0
sta1,ap4,1573592461724,100,[-69.0],86.4,120.5,0.0
sta1,ap4,1573592462074,100,[-70.0],84.9,121.7,0.0
sta1,ap4,1573592462424,100,[-70.0],86.1,123.2,0.0
sta1,ap4,1573592462777,100,[-71.0],84.6,124.4,0.0
sta1,ap4,1573592463137,100,[-70.0],86.1,123.2,0.0
sta1,ap4,1573592463484,100,[-71.0],84.6,124.4,0.0
sta1,ap4,1573592463844,100,[-71.0],85.8,125.9,0.0
sta1,ap4,1573592464199,100,[-71.0],84.6,124.4,0.0
sta1,ap4,1573592464549,100,[-70.0],86.1,123.2,0.0
sta1,ap4,1573592464901,100,[-70.0],87.6,122.0,0.0
sta1,ap4,1573592465254,100,[-70.0],88.8,123.5,0.0
sta1,ap4,1573592465604,100,[-70.0],87.6,122.0,0.0
sta1,ap4,1573592465955,100,[-69.0],86.4,120.5,0.0
sta1,ap4,1573592466312,100,[-70.0],84.9,121.7,0.0
sta1,ap4,1573592466662,100,[-70.0],83.4,122.9,0.0
sta1,ap4,1573592467011,100,[-71.0],81.9,124.1,0.0
sta1,ap4,1573592467361,100,[-70.0],83.4,122.9,0.0
sta1,ap4,1573592467724,100,[-70.0],84.9,121.7,0.0
sta1,ap4,1573592468074,100,[-70.0],86.1,123.2,0.0
sta1,ap4,1573592468423,100,[-70.0],84.9,121.7,0.0
sta1,ap4,1573592468772,100,[-70.0],86.1,123.2,0.0
sta1,ap4,1573592469120,100,[-71.0],84.6,124.4,0.0
sta1,ap4,1573592469468,100,[-71.0],85.8,125.9,0.0
sta1,ap4,1573592469817,100,[-72.0],84.3,127.1,0.0
sta1,ap4,1573592470167,100,[-72.0],85.5,128.6,0.0
sta1,ap4,1573592470519,100,[-73.0],86.7,130.1,0.0
sta1,ap4,1573592470925,100,[-73.0],85.2,131.3,0.0
sta1,ap4,1573592471278,100,[-74.0],83.7,132.5,0.0
sta1,ap4,1573592471629,100,[-73.0],82.5,131.0,0.0
sta1,ap4,1573592471981,100,[-74.0],83.7,132.5,0.0
sta1,ap4,1573592472332,100,[-73.0],82.5,131.0,0.0
sta1,ap4,1573592472684,100,[-73.0],84.0,129.8,0.0
sta1,ap4,1573592473039,100,[-72.0],85.5,128.6,0.0
sta1,ap4,1573592473414,100,[-73.0],86.7,130.1,0.0
sta1,ap4,1573592473763,100,[-73.0],85.2,131.3,0.0
sta1,ap4,1573592474109,100,[-73.0],86.7,130.1,0.0
sta1,ap4,1573592474456,100,[-73.0],87.9,131.6,0.0
sta1,ap4,1573592474805,100,[-73.0],86.7,130.1,0.0
sta1,ap4,1573592475158,100,[-73.0],85.2,131.3,0.0
sta1,ap4,1573592475505,100,[-74.0],83.7,132.5,0.0
sta1,ap4,1573592475856,100,[-74.0],84.9,134.0,0.0
sta1,ap4,1573592476213,100,[-74.0],86.4,132.8,0.0
sta1,ap4,1573592476566,100,[-74.0],84.9,134.0,0.0
sta1,ap4,1573592476917,100,[-74.0],83.7,132.5,0.0
sta1,ap4,1573592477267,100,[-73.0],85.2,131.3,0.0
sta1,ap4,1573592477624,100,[-74.0],83.7,132.5,0.0
sta1,ap4,1573592477977,100,[-73.0],82.5,131.0,0.0
sta1,ap4,1573592478328,100,[-74.0],81.0,132.2,0.0
sta1,ap4,1573592478679,100,[-74.0],82.2,133.7,0.0
sta1,ap4,1573592479027,100,[-74.0],81.0,132.2,0.0
sta1,ap4,1573592479387,100,[-74.0],82.2,133.7,0.0
sta1,ap4,1573592479737,100,[-74.0],83.7,132.5,0.0
sta1,ap4,1573592480087,100,[-74.0],84.9,134.0,0.0
sta1,ap4,1573592480436,100,[-74.0],86.1,135.5,0.0
sta1,ap4,1573592480801,100,[-74.0],87.6,134.3,0.0
sta1,ap4,1573592481157,100,[-74.0],86.4,132.8,0.0
sta1,ap4,1573592481505,100,[-74.0],84.9,134.0,0.0
sta1,ap4,1573592481854,100,[-74.0],83.7,132.5,0.0
sta1,ap4,1573592482202,100,[-73.0],85.2,131.3,0.0
sta1,ap4,1573592482552,100,[-73.0],86.7,130.1,0.0
sta1,ap4,1573592482948,100,[-73.0],85.2,131.3,0.0
sta1,ap4,1573592483332,100,[-74.0],83.7,132.5,0.0
sta1,ap4,1573592483687,100,[-74.0],84.9,134.0,0.0
sta1,ap4,1573592484038,100,[-74.0],86.4,132.8,0.0
sta1,ap4,1573592484387,100,[-73.0],85.2,131.3,0.0
sta1,ap4,1573592484737,100,[-73.0],86.7,130.1,0.0
sta1,ap4,1573592485093,100,[-73.0],85.2,131.3,0.0
sta1,ap4,1573592485441,100,[-74.0],86.4,132.8,0.0
sta1,ap4,1573592485795,100,[-73.0],85.2,131.3,0.0
sta1,ap4,1573592486146,100,[-74.0],86.4,132.8,0.0
sta1,ap4,1573592486495,100,[-74.0],84.9,134.0,0.0
sta1,ap4,1573592486848,100,[-74.0],86.1,135.5,0.0
sta1,ap4,1573592487207,100,[-75.0],87.3,137.0,0.0
sta1,ap4,1573592487557,100,[-75.0],88.5,138.5,0.0
sta1,ap4,1573592487916,100,[-75.0],89.7,140.0,0.0
sta1,ap4,1573592488281,100,[-75.0],88.5,138.5,0.0
sta1,ap3,1573592488660,99.9,[-75.0],90.0,137.3,0.0
sta1,ap3,1573592489011,99.9,[-77.0],88.8,135.8,0.0
sta1,ap4,1573592489388,99.8,[-77.0],87.3,137.0,0.0
sta1,ap4,1573592489742,99.8,[-75.0],88.5,138.5,0.0
sta1,ap4,1573592490099,99.8,[-75.0],87.3,137.0,0.0
sta1,ap4,1573592490448,99.8,[-75.0],88.5,138.5,0.0
sta1,ap4,1573592490804,99.8,[-75.0],87.0,139.7,0.0
sta1,ap4,1573592491157,99.8,[-75.0],85.8,138.2,0.0
sta1,ap4,1573592491503,99.8,[-75.0],87.0,139.7,0.0
sta1,ap4,1573592491853,99.8,[-75.0],88.5,138.5,0.0
sta1,ap4,1573592492205,99.8,[-75.0],87.0,139.7,0.0
sta1,ap4,1573592492555,99.8,[-75.0],85.8,138.2,0.0
sta1,ap4,1573592492907,99.8,[-75.0],84.3,139.4,0.0
sta1,ap4,1573592493261,99.8,[-75.0],85.8,138.2,0.0
sta1,ap4,1573592493610,99.8,[-75.0],87.0,139.7,0.0
sta1,ap4,1573592493961,99.8,[-76.0],85.5,140.9,0.0
sta1,ap4,1573592494308,99.8,[-75.0],84.3,139.4,0.0
sta1,ap4,1573592494661,99.8,[-75.0],85.8,138.2,0.0
sta1,ap4,1573592495011,99.8,[-75.0],87.3,137.0,0.0
sta1,ap4,1573592495359,99.8,[-74.0],86.1,135.5,0.0
sta1,ap4,1573592495728,99.8,[-75.0],87.3,137.0,0.0
sta1,ap4,1573592496082,99.8,[-74.0],86.1,135.5,0.0
sta1,ap4,1573592496444,99.8,[-74.0],87.6,134.3,0.0
sta1,ap4,1573592496791,99.8,[-74.0],86.1,135.5,0.0
sta1,ap4,1573592497150,99.8,[-74.0],84.9,134.0,0.0
sta1,ap4,1573592497499,99.8,[-74.0],86.1,135.5,0.0
sta1,ap4,1573592497854,99.8,[-74.0],87.6,134.3,0.0
sta1,ap3,1573592498233,99.7,[-74.0],88.8,135.8,0.0
sta1,ap4,1573592498608,99.6,[-74.0],87.6,134.3,0.0
sta1,ap4,1573592498977,99.6,[-74.0],89.1,133.1,0.0
sta1,ap4,1573592499326,99.6,[-73.0],87.9,131.6,0.0
sta1,ap4,1573592499677,99.6,[-74.0],86.4,132.8,0.0
sta1,ap4,1573592500031,99.6,[-74.0],84.9,134.0,0.0
sta1,ap4,1573592500392,99.6,[-74.0],83.7,132.5,0.0
sta1,ap4,1573592500746,99.6,[-74.0],82.2,133.7,0.0
sta1,ap4,1573592501095,99.6,[-74.0],83.7,132.5,0.0
sta1,ap4,1573592501444,99.6,[-74.0],84.9,134.0,0.0
sta1,ap4,1573592501793,99.6,[-74.0],86.1,135.5,0.0
sta1,ap4,1573592502154,99.6,[-74.0],87.6,134.3,0.0
sta1,ap3,1573592502536,99.5,[-74.0],88.8,135.8,0.0
sta1,ap4,1573592502908,99.4,[-74.0],87.6,134.3,0.0
sta1,ap4,1573592503262,99.4,[-74.0],86.4,132.8,0.0
sta1,ap4,1573592503617,99.4,[-73.0],87.9,131.6,0.0
sta1,ap4,1573592503968,99.4,[-73.0],89.4,130.4,0.0
sta1,ap4,1573592504317,99.4,[-73.0],87.9,131.6,0.0
sta1,ap4,1573592504669,99.4,[-74.0],89.1,133.1,0.0
sta1,ap4,1573592505018,99.4,[-73.0],87.9,131.6,0.0
sta1,ap4,1573592505369,99.4,[-73.0],89.4,130.4,0.0
sta1,ap4,1573592505718,99.4,[-72.0],90.9,129.2,0.0
sta1,ap4,1573592506067,99.4,[-72.0],89.7,127.7,0.0
sta1,ap4,1573592506437,99.4,[-71.0],91.2,126.5,0.0
sta1,ap4,1573592506825,99.4,[-71.0],92.7,125.3,0.0
sta1,ap3,1573592507204,99.3,[-72.0],93.9,126.8,0.0
sta1,ap3,1573592507552,99.3,[-76.0],95.1,128.3,0.0
sta1,ap3,1573592507918,99.3,[-76.0],93.6,129.5,0.0
sta1,ap3,1573592508302,99.3,[-76.0],95.1,128.3,0.0
sta1,ap3,1573592508654,99.3,[-76.0],96.3,129.8,0.0
sta1,ap3,1573592509004,99.3,[-76.0],95.1,128.3,0.0
sta1,ap3,1573592509375,99.3,[-77.0],93.9,126.8,0.0
sta1,ap3,1573592509731,99.3,[-77.0],92.4,128.0,0.0
sta1,ap4,1573592510086,99.3,[-77.0],91.2,126.5,0.0
sta1,ap4,1573592510453,99.3,[-71.0],92.7,125.3,0.0
sta1,ap4,1573592510822,99.3,[-71.0],91.2,126.5,0.0
sta1,ap4,1573592511176,99.3,[-71.0],92.7,125.3,0.0
sta1,ap4,1573592511528,99.3,[-71.0],91.2,126.5,0.0
sta1,ap4,1573592511879,99.3,[-71.0],92.7,125.3,0.0
sta1,ap3,1573592512250,99.2,[-72.0],93.9,126.8,0.0
sta1,ap3,1573592512599,99.2,[-77.0],92.4,128.0,0.0
sta1,ap3,1573592512949,99.2,[-76.0],93.6,129.5,0.0
sta1,ap3,1573592513300,99.2,[-76.0],94.8,131.0,0.0
sta1,ap3,1573592513647,99.2,[-76.0],96.3,129.8,0.0
sta1,ap3,1573592513997,99.2,[-75.0],97.5,131.3,0.0
sta1,ap3,1573592514347,99.2,[-76.0],96.3,129.8,0.0
sta1,ap3,1573592514699,99.2,[-75.0],97.8,128.6,0.0
sta1,ap3,1573592515058,99.2,[-75.0],99.3,127.4,0.0
sta1,ap3,1573592515409,99.2,[-76.0],98.1,125.9,0.0
sta1,ap3,1573592515788,99.2,[-76.0],96.9,124.4,0.0
sta1,ap3,1573592516180,99.2,[-77.0],95.4,125.6,0.0
sta1,ap3,1573592516526,99.2,[-76.0],96.6,127.1,0.0
sta1,ap3,1573592516875,99.2,[-75.0],97.8,128.6,0.0
sta1,ap3,1573592517227,99.2,[-76.0],96.3,129.8,0.0
sta1,ap3,1573592517576,99.2,[-76.0],95.1,128.3,0.0
sta1,ap3,1573592517928,99.2,[-76.0],93.6,129.5,0.0
sta1,ap3,1573592518282,99.2,[-76.0],94.8,131.0,0.0
sta1,ap3,1573592518637,99.2,[-76.0],93.6,129.5,0.0
sta1,ap3,1573592518985,99.2,[-77.0],92.1,130.7,0.0
sta1,ap3,1573592519343,99.2,[-77.0],90.6,131.9,0.0
sta1,ap3,1573592519695,99.2,[-76.0],91.8,133.4,0.0
sta1,ap3,1573592520054,99.2,[-77.0],90.3,134.6,0.0
sta1,ap3,1573592520410,99.2,[-77.0],88.8,135.8,0.0
sta1,ap3,1573592520757,99.2,[-77.0],90.3,134.6,0.0
sta1,ap3,1573592521113,99.2,[-76.0],91.5,136.1,0.0
sta1,ap3,1573592521464,99.2,[-76.0],90.0,137.3,0.0
sta1,ap4,1573592521839,99.1,[-76.0],91.2,138.8,0.0
sta1,ap3,1573592522229,99.0,[-75.0],90.0,137.3,0.0
sta1,ap3,1573592522578,99.0,[-77.0],88.8,135.8,0.0
sta1,ap3,1573592522927,99.0,[-76.0],90.0,137.3,0.0
sta1,ap4,1573592523322,98.9,[-76.0],91.2,138.8,0.0
sta1,ap3,1573592523703,98.8,[-75.0],90.0,137.3,0.0
sta1,ap4,1573592524094,98.7,[-77.0],88.5,138.5,0.0
sta1,ap4,1573592524486,98.7,[-75.0],89.7,140.0,0.0
sta1,ap4,1573592524835,98.7,[-75.0],91.2,138.8,0.0
sta1,ap4,1573592525185,98.7,[-76.0],92.4,140.3,0.0
sta1,ap4,1573592525540,98.7,[-76.0],93.6,141.8,0.0
sta1,ap4,1573592525903,98.7,[-76.0],92.1,143.0,0.0
sta1,ap4,1573592526253,98.7,[-76.0],93.6,141.8,0.0
sta1,ap4,1573592526609,98.7,[-76.0],92.4,140.3,0.0
sta1,ap4,1573592526965,98.7,[-75.0],91.2,138.8,0.0
sta1,ap3,1573592527339,98.6,[-75.0],90.0,137.3,0.0
sta1,ap4,1573592527721,98.5,[-77.0],88.5,138.5,0.0
sta1,ap3,1573592528093,98.4,[-75.0],90.0,137.3,0.0
sta1,ap3,1573592528446,98.4,[-77.0],88.8,135.8,0.0
sta1,ap4,1573592528816,98.3,[-77.0],87.6,134.3,0.0
sta1,ap4,1573592529169,98.3,[-74.0],86.4,132.8,0.0
sta1,ap4,1573592529516,98.3,[-74.0],84.9,134.0,0.0
sta1,ap4,1573592529866,98.3,[-74.0],86.1,135.5,0.0
sta1,ap4,1573592530220,98.3,[-75.0],87.3,137.0,0.0
sta1,ap4,1573592530568,98.3,[-74.0],86.1,135.5,0.0
sta1,ap4,1573592530921,98.3,[-74.0],84.9,134.0,0.0
sta1,ap4,1573592531271,98.3,[-74.0],83.7,132.5,0.0
sta1,ap4,1573592531627,98.3,[-73.0],85.2,131.3,0.0
sta1,ap4,1573592532009,98.3,[-73.0],84.0,129.8,0.0
sta1,ap4,1573592532367,98.3,[-72.0],82.8,128.3,0.0
sta1,ap4,1573592532717,98.3,[-72.0],84.3,127.1,0.0
sta1,ap4,1573592533075,98.3,[-71.0],83.1,125.6,0.0
sta1,ap4,1573592533435,98.3,[-71.0],81.9,124.1,0.0
sta1,ap4,1573592533783,98.3,[-71.0],80.4,125.3,0.0
sta1,ap4,1573592534133,98.3,[-71.0],81.9,124.1,0.0
sta1,ap4,1573592534501,98.3,[-71.0],80.4,125.3,0.0
sta1,ap4,1573592534852,98.3,[-72.0],81.6,126.8,0.0
sta1,ap4,1573592535211,98.3,[-71.0],83.1,125.6,0.0
sta1,ap4,1573592535575,98.3,[-71.0],81.9,124.1,0.0
sta1,ap4,1573592535926,98.3,[-70.0],83.4,122.9,0.0
sta1,ap4,1573592536292,98.3,[-70.0],84.9,121.7,0.0
sta1,ap4,1573592536641,98.3,[-69.0],83.7,120.2,0.0
sta1,ap4,1573592537013,98.3,[-70.0],84.9,121.7,0.0
sta1,ap4,1573592537364,98.3,[-69.0],83.7,120.2,0.0
sta1,ap4,1573592537713,98.3,[-70.0],84.9,121.7,0.0
sta1,ap4,1573592538059,98.3,[-69.0],83.7,120.2,0.0
sta1,ap4,1573592538411,98.3,[-70.0],82.2,121.4,0.0
sta1,ap4,1573592538770,98.3,[-69.0],83.7,120.2,0.0
sta1,ap4,1573592539121,98.3,[-70.0],84.9,121.7,0.0
sta1,ap4,1573592539470,98.3,[-70.0],83.4,122.9,0.0
sta1,ap4,1573592539822,98.3,[-71.0],84.6,124.4,0.0
sta1,ap4,1573592540207,98.3,[-71.0],85.8,125.9,0.0
sta1,ap4,1573592540555,98.3,[-71.0],87.3,124.7,0.0
sta1,ap4,1573592540927,98.3,[-70.0],88.8,123.5,0.0
sta1,ap4,1573592541281,98.3,[-70.0],90.3,122.3,0.0
sta1,ap4,1573592541643,98.3,[-70.0],91.5,123.8,0.0
sta1,ap4,1573592542000,98.3,[-71.0],92.7,125.3,0.0
sta1,ap3,1573592542372,98.2,[-72.0],93.9,126.8,0.0
sta1,ap3,1573592542732,98.2,[-76.0],95.1,128.3,0.0
sta1,ap3,1573592543080,98.2,[-76.0],93.6,129.5,0.0
sta1,ap3,1573592543431,98.2,[-76.0],94.8,131.0,0.0
sta1,ap3,1573592543790,98.2,[-76.0],93.6,129.5,0.0
sta1,ap3,1573592544140,98.2,[-77.0],92.4,128.0,0.0
sta1,ap4,1573592544526,98.1,[-77.0],90.9,129.2,0.0
sta1,ap4,1573592544924,98.1,[-73.0],89.4,130.4,0.0
sta1,ap4,1573592545278,98.1,[-73.0],87.9,131.6,0.0
sta1,ap4,1573592545640,98.1,[-73.0],89.4,130.4,0.0
sta1,ap4,1573592545992,98.1,[-73.0],87.9,131.6,0.0
sta1,ap4,1573592546347,98.1,[-74.0],89.1,133.1,0.0
sta1,ap4,1573592546704,98.1,[-73.0],87.9,131.6,0.0
sta1,ap4,1573592547059,98.1,[-73.0],89.4,130.4,0.0
sta1,ap3,1573592547443,98.0,[-73.0],90.6,131.9,0.0
sta1,ap4,1573592547826,97.9,[-73.0],89.4,130.4,0.0
sta1,ap4,1573592548176,97.9,[-72.0],88.2,128.9,0.0
sta1,ap4,1573592548526,97.9,[-73.0],89.4,130.4,0.0
sta1,ap3,1573592548897,97.8,[-73.0],90.6,131.9,0.0
sta1,ap4,1573592549281,97.7,[-73.0],89.4,130.4,0.0
sta1,ap4,1573592549631,97.7,[-73.0],87.9,131.6,0.0
sta1,ap4,1573592549983,97.7,[-74.0],86.4,132.8,0.0
sta1,ap4,1573592550341,97.7,[-74.0],84.9,134.0,0.0
sta1,ap4,1573592550690,97.7,[-74.0],86.4,132.8,0.0
sta1,ap4,1573592551037,97.7,[-74.0],84.9,134.0,0.0
sta1,ap4,1573592551391,97.7,[-74.0],86.1,135.5,0.0
sta1,ap4,1573592551739,97.7,[-75.0],87.3,137.0,0.0
sta1,ap3,1573592552123,97.6,[-74.0],88.8,135.8,0.0
sta1,ap4,1573592552497,97.5,[-74.0],87.6,134.3,0.0
sta1,ap3,1573592552868,97.4,[-74.0],88.8,135.8,0.0
sta1,ap3,1573592553218,97.4,[-77.0],90.3,134.6,0.0
sta1,ap3,1573592553599,97.4,[-76.0],91.5,136.1,0.0
sta1,ap3,1573592553986,97.4,[-77.0],90.3,134.6,0.0
sta1,ap3,1573592554334,97.4,[-76.0],91.8,133.4,0.0
sta1,ap3,1573592554685,97.4,[-76.0],93.3,132.2,0.0
sta1,ap3,1573592555037,97.4,[-76.0],94.5,133.7,0.0
sta1,ap3,1573592555386,97.4,[-75.0],95.7,135.2,0.0
sta1,ap3,1573592555745,97.4,[-74.0],96.9,136.7,0.0
sta1,ap3,1573592556094,97.4,[-74.0],98.1,138.2,0.0
sta1,ap3,1573592556444,97.4,[-74.0],96.6,139.4,0.0
sta1,ap3,1573592556796,97.4,[-75.0],95.4,137.9,0.0
sta1,ap3,1573592557143,97.4,[-75.0],94.2,136.4,0.0
sta1,ap3,1573592557494,97.4,[-76.0],93.0,134.9,0.0
sta1,ap3,1573592557844,97.4,[-76.0],91.8,133.4,0.0
sta1,ap3,1573592558207,97.4,[-76.0],93.3,132.2,0.0
sta1,ap3,1573592558561,97.4,[-77.0],92.1,130.7,0.0
sta1,ap4,1573592558969,97.3,[-77.0],90.9,129.2,0.0
sta1,ap3,1573592559339,97.2,[-72.0],92.4,128.0,0.0
sta1,ap4,1573592559692,97.2,[-72.0],91.2,126.5,0.0
sta1,ap4,1573592560045,97.2,[-72.0],89.7,127.7,0.0
sta1,ap4,1573592560395,97.2,[-72.0],90.9,129.2,0.0
sta1,ap3,1573592560762,97.1,[-72.0],92.4,128.0,0.0
sta1,ap4,1573592561148,97.1,[-72.0],91.2,126.5,0.0
sta1,ap4,1573592561504,97.1,[-71.0],90.0,125.0,0.0
sta1,ap4,1573592561862,97.1,[-70.0],91.5,123.8,0.0
sta1,ap4,1573592562224,97.1,[-70.0],93.0,122.6,0.0
sta1,ap4,1573592562581,97.1,[-70.0],91.5,123.8,0.0
sta1,ap4,1573592562938,97.1,[-70.0],93.0,122.6,0.0
sta1,ap4,1573592563290,97.1,[-69.0],94.5,121.4,0.0
sta1,ap3,1573592563663,97.0,[-70.0],95.7,122.9,0.0
sta1,ap3,1573592564017,97.0,[-76.0],96.9,124.4,0.0
sta1,ap3,1573592564368,97.0,[-76.0],98.4,123.2,0.0
sta1,ap3,1573592564718,97.0,[-76.0],96.9,124.4,0.0
sta1,ap3,1573592565084,97.0,[-77.0],95.4,125.6,0.0
sta1,ap3,1573592565515,97.0,[-77.0],93.9,126.8,0.0
sta1,ap3,1573592565863,97.0,[-77.0],92.4,128.0,0.0
sta1,ap4,1573592566223,97.0,[-77.0],91.2,126.5,0.0
sta1,ap4,1573592566576,97.0,[-71.0],90.0,125.0,0.0
sta1,ap4,1573592566930,97.0,[-71.0],91.2,126.5,0.0
sta1,ap4,1573592567296,97.0,[-71.0],92.7,125.3,0.0
sta1,ap3,1573592567675,96.9,[-72.0],93.9,126.8,0.0
sta1,ap3,1573592568043,96.9,[-77.0],92.4,128.0,0.0
sta1,ap3,1573592568394,96.9,[-76.0],93.6,129.5,0.0
sta1,ap3,1573592568743,96.9,[-76.0],95.1,128.3,0.0
sta1,ap3,1573592569116,96.9,[-77.0],93.9,126.8,0.0
sta1,ap4,1573592569478,96.9,[-77.0],92.7,125.3,0.0
sta1,ap3,1573592569860,96.8,[-72.0],93.9,126.8,0.0
sta1,ap3,1573592570213,96.8,[-77.0],92.4,128.0,0.0
sta1,ap4,1573592570591,96.7,[-77.0],90.9,129.2,0.0
sta1,ap3,1573592570982,96.6,[-73.0],92.1,130.7,0.0
sta1,ap3,1573592571333,96.6,[-76.0],93.6,129.5,0.0
sta1,ap3,1573592571689,96.6,[-77.0],92.1,130.7,0.0
sta1,ap4,1573592572066,96.5,[-77.0],90.9,129.2,0.0
sta1,ap4,1573592572419,96.5,[-73.0],89.4,130.4,0.0
sta1,ap3,1573592572801,96.4,[-73.0],90.6,131.9,0.0
sta1,ap3,1573592573157,96.4,[-77.0],92.1,130.7,0.0
sta1,ap4,1573592573528,96.3,[-77.0],90.9,129.2,0.0
sta1,ap3,1573592573907,96.2,[-72.0],92.4,128.0,0.0
sta1,ap4,1573592574267,96.2,[-72.0],91.2,126.5,0.0
sta1,ap4,1573592574617,96.2,[-71.0],92.7,125.3,0.0
sta1,ap3,1573592574994,96.1,[-71.0],94.2,124.1,0.0
sta1,ap4,1573592575347,96.1,[-71.0],92.7,125.3,0.0
sta1,ap4,1573592575706,96.1,[-70.0],91.5,123.8,0.0
sta1,ap4,1573592576086,96.1,[-70.0],93.0,122.6,0.0
sta1,ap4,1573592576448,96.1,[-69.0],91.8,121.1,0.0
sta1,ap4,1573592576806,96.1,[-70.0],90.3,122.3,0.0
sta1,ap4,1573592577159,96.1,[-70.0],91.5,123.8,0.0
sta1,ap4,1573592577539,96.1,[-71.0],90.0,125.0,0.0
sta1,ap4,1573592577889,96.1,[-70.0],91.5,123.8,0.0
sta1,ap4,1573592578244,96.1,[-70.0],90.3,122.3,0.0
sta1,ap4,1573592578601,96.1,[-70.0],88.8,123.5,0.0
sta1,ap4,1573592578952,96.1,[-70.0],90.3,122.3,0.0
sta1,ap4,1573592579304,96.1,[-69.0],91.8,121.1,0.0
sta1,ap4,1573592579656,96.1,[-70.0],93.0,122.6,0.0
sta1,ap4,1573592580014,96.1,[-69.0],94.5,121.4,0.0
sta1,ap4,1573592580367,96.1,[-69.0],96.0,120.2,0.0
sta1,ap4,1573592580723,96.1,[-69.0],97.5,119.0,0.0
sta1,ap4,1573592581078,96.1,[-68.0],96.3,117.5,0.0
sta1,ap4,1573592581440,96.1,[-67.0],95.1,116.0,0.0
sta1,ap4,1573592581791,96.1,[-68.0],96.3,117.5,0.0
sta1,ap4,1573592582143,96.1,[-67.0],95.1,116.0,0.0
sta1,ap4,1573592582500,96.1,[-67.0],96.6,114.8,0.0
sta1,ap4,1573592582852,96.1,[-68.0],97.8,116.3,0.0
sta1,ap4,1573592583231,96.1,[-68.0],96.3,117.5,0.0
sta1,ap4,1573592583583,96.1,[-68.0],97.8,116.3,0.0
sta1,ap4,1573592583942,96.1,[-68.0],96.3,117.5,0.0
sta1,ap4,1573592584306,96.1,[-68.0],94.8,118.7,0.0
sta1,ap4,1573592584658,96.1,[-68.0],96.3,117.5,0.0
sta1,ap4,1573592585010,96.1,[-67.0],95.1,116.0,0.0
sta1,ap4,1573592585360,96.1,[-67.0],96.6,114.8,0.0
sta1,ap4,1573592585715,96.1,[-67.0],95.1,116.0,0.0
sta1,ap4,1573592586068,96.1,[-68.0],96.3,117.5,0.0
sta1,ap4,1573592586423,96.1,[-68.0],97.8,116.3,0.0
sta1,ap4,1573592586778,96.1,[-68.0],96.3,117.5,0.0
sta1,ap4,1573592587131,96.1,[-67.0],95.1,116.0,0.0
sta1,ap4,1573592587486,96.1,[-66.0],93.9,114.5,0.0
sta1,ap4,1573592587839,96.1,[-67.0],95.1,116.0,0.0
sta1,ap4,1573592588195,96.1,[-68.0],96.3,117.5,0.0
sta1,ap4,1573592588559,96.1,[-68.0],97.8,116.3,0.0
sta1,ap4,1573592588911,96.1,[-68.0],99.0,117.8,0.0
sta1,ap4,1573592589277,96.1,[-68.0],97.8,116.3,0.0
sta1,ap4,1573592589633,96.1,[-68.0],99.0,117.8,0.0
sta1,ap3,1573592590006,96.0,[-69.0],100.2,119.3,0.0
sta1,ap3,1573592590357,96.0,[-77.0],98.7,120.5,0.0
sta1,ap3,1573592590716,96.0,[-77.0],100.2,119.3,0.0
sta1,ap4,1573592591080,96.0,[-77.0],99.0,117.8,0.0
sta1,ap4,1573592591459,96.0,[-68.0],100.5,116.6,0.0
sta1,ap4,1573592591811,96.0,[-68.0],102.0,115.4,0.0
sta1,ap4,1573592592164,96.0,[-68.0],100.5,116.6,0.0
sta1,ap4,1573592592521,96.0,[-67.0],99.3,115.1,0.0
sta1,ap4,1573592592877,96.0,[-66.0],98.1,113.6,0.0
sta1,ap4,1573592593233,96.0,[-66.0],99.6,112.4,0.0
sta1,ap4,1573592593584,96.0,[-66.0],98.1,113.6,0.0
sta1,ap4,1573592593935,96.0,[-67.0],96.6,114.8,0.0
sta1,ap4,1573592594287,96.0,[-66.0],98.1,113.6,0.0
sta1,ap4,1573592594640,96.0,[-66.0],99.6,112.4,0.0
sta1,ap4,1573592594992,96.0,[-65.0],98.4,110.9,0.0
sta1,ap4,1573592595365,96.0,[-66.0],99.6,112.4,0.0
sta1,ap4,1573592595723,96.0,[-65.0],98.4,110.9,0.0
sta1,ap4,1573592596100,96.0,[-65.0],96.9,112.1,0.0
sta1,ap4,1573592596458,96.0,[-64.0],95.7,110.6,0.0
sta1,ap4,1573592596818,96.0,[-63.0],94.5,109.1,0.0
sta1,ap4,1573592597171,96.0,[-62.0],93.3,107.6,0.0
sta1,ap4,1573592597524,96.0,[-63.0],91.8,108.8,0.0
sta1,ap4,1573592597879,96.0,[-62.0],90.6,107.3,0.0
sta1,ap4,1573592598232,96.0,[-63.0],91.8,108.8,0.0
sta1,ap4,1573592598601,96.0,[-64.0],90.3,110.0,0.0
sta1,ap4,1573592598965,96.0,[-63.0],89.1,108.5,0.0
sta1,ap4,1573592599316,96.0,[-62.0],90.6,107.3,0.0
sta1,ap4,1573592599671,96.0,[-61.0],92.1,106.1,0.0
sta1,ap4,1573592600024,96.0,[-60.0],93.6,104.9,0.0
sta1,ap4,1573592600386,96.0,[-59.0],95.1,103.7,0.0
sta1,ap4,1573592600737,96.0,[-59.0],96.6,102.5,0.0
sta1,ap4,1573592601159,96.0,[-58.0],98.1,101.3,0.0
sta1,ap4,1573592601534,96.0,[-59.0],96.6,102.5,0.0
sta1,ap4,1573592601885,96.0,[-58.0],98.1,101.3,0.0
sta1,ap4,1573592602236,96.0,[-58.0],99.6,100.1,0.0
sta1,ap4,1573592602590,96.0,[-60.0],100.8,101.6,0.0
sta1,ap4,1573592602946,96.0,[-60.0],99.3,102.8,0.0
sta1,ap4,1573592603299,96.0,[-58.0],98.1,101.3,0.0
sta1,ap4,1573592603655,96.0,[-60.0],99.3,102.8,0.0
sta1,ap4,1573592604009,96.0,[-58.0],98.1,101.3,0.0
sta1,ap4,1573592604359,96.0,[-60.0],99.3,102.8,0.0
sta1,ap4,1573592604716,96.0,[-58.0],98.1,101.3,0.0
sta1,ap4,1573592605072,96.0,[-59.0],96.6,102.5,0.0
sta1,ap4,1573592605433,96.0,[-58.0],98.1,101.3,0.0
sta1,ap4,1573592605787,96.0,[-60.0],99.3,102.8,0.0
sta1,ap4,1573592606157,96.0,[-62.0],100.5,104.3,0.0
sta1,ap4,1573592606514,96.0,[-61.0],102.0,103.1,0.0
sta1,ap4,1573592606864,96.0,[-62.0],100.5,104.3,0.0
sta1,ap4,1573592607218,96.0,[-62.0],99.0,105.5,0.0
sta1,ap4,1573592607572,96.0,[-60.0],97.8,104.0,0.0
sta1,ap4,1573592607930,96.0,[-61.0],96.3,105.2,0.0
sta1,ap4,1573592608281,96.0,[-60.0],97.8,104.0,0.0
sta1,ap4,1573592608633,96.0,[-59.0],96.6,102.5,0.0
sta1,ap4,1573592608985,96.0,[-59.0],95.1,103.7,0.0
sta1,ap4,1573592609339,96.0,[-60.0],93.6,104.9,0.0
sta1,ap4,1573592609691,96.0,[-61.0],92.1,106.1,0.0
sta1,ap4,1573592610050,96.0,[-62.0],93.3,107.6,0.0
sta1,ap4,1573592610434,96.0,[-63.0],91.8,108.8,0.0
sta1,ap4,1573592610787,96.0,[-64.0],93.0,110.3,0.0
sta1,ap4,1573592611141,96.0,[-63.0],91.8,108.8,0.0
sta1,ap4,1573592611499,96.0,[-64.0],93.0,110.3,0.0
sta1,ap4,1573592611865,96.0,[-64.0],91.5,111.5,0.0
sta1,ap4,1573592612216,96.0,[-64.0],90.3,110.0,0.0
sta1,ap4,1573592612567,96.0,[-64.0],91.5,111.5,0.0
sta1,ap4,1573592612921,96.0,[-65.0],90.0,112.7,0.0
sta1,ap4,1573592613275,96.0,[-66.0],91.2,114.2,0.0
sta1,ap4,1573592613625,96.0,[-65.0],90.0,112.7,0.0
sta1,ap4,1573592613977,96.0,[-66.0],91.2,114.2,0.0
sta1,ap4,1573592614332,96.0,[-67.0],92.4,115.7,0.0
sta1,ap4,1573592614685,96.0,[-68.0],93.6,117.2,0.0
sta1,ap4,1573592615058,96.0,[-68.0],92.1,118.4,0.0
sta1,ap4,1573592615411,96.0,[-69.0],93.3,119.9,0.0
sta1,ap4,1573592615766,96.0,[-69.0],91.8,121.1,0.0
sta1,ap4,1573592616121,96.0,[-69.0],90.6,119.6,0.0
sta1,ap4,1573592616506,96.0,[-68.0],92.1,118.4,0.0
sta1,ap4,1573592616856,96.0,[-68.0],93.6,117.2,0.0
sta1,ap4,1573592617209,96.0,[-68.0],92.1,118.4,0.0
sta1,ap4,1573592617559,96.0,[-69.0],90.6,119.6,0.0
sta1,ap4,1573592617919,96.0,[-69.0],91.8,121.1,0.0
sta1,ap4,1573592618287,96.0,[-70.0],90.3,122.3,0.0
sta1,ap4,1573592618639,96.0,[-70.0],91.5,123.8,0.0
sta1,ap4,1573592618994,96.0,[-71.0],90.0,125.0,0.0
sta1,ap4,1573592619347,96.0,[-70.0],91.5,123.8,0.0
sta1,ap4,1573592619698,96.0,[-71.0],90.0,125.0,0.0
sta1,ap4,1573592620050,96.0,[-71.0],88.5,126.2,0.0
sta1,ap4,1573592620398,96.0,[-71.0],87.3,124.7,0.0
sta1,ap4,1573592620755,96.0,[-70.0],86.1,123.2,0.0
sta1,ap4,1573592621106,96.0,[-70.0],84.9,121.7,0.0
sta1,ap4,1573592621460,96.0,[-69.0],83.7,120.2,0.0
sta1,ap4,1573592621808,96.0,[-69.0],82.5,118.7,0.0
sta1,ap4,1573592622160,96.0,[-69.0],83.7,120.2,0.0
sta1,ap4,1573592622510,96.0,[-70.0],82.2,121.4,0.0
sta1,ap4,1573592622863,96.0,[-71.0],80.7,122.6,0.0
sta1,ap4,1573592623213,96.0,[-70.0],79.5,121.1,0.0
sta1,ap4,1573592623601,96.0,[-69.0],81.0,119.9,0.0
sta1,ap4,1573592623954,96.0,[-70.0],82.2,121.4,0.0
sta1,ap4,1573592624308,96.0,[-71.0],80.7,122.6,0.0
sta1,ap4,1573592624661,96.0,[-70.0],82.2,121.4,0.0
sta1,ap4,1573592625012,96.0,[-71.0],80.7,122.6,0.0
sta1,ap4,1573592625361,96.0,[-71.0],81.9,124.1,0.0
sta1,ap4,1573592625711,96.0,[-71.0],83.1,125.6,0.0
sta1,ap4,1573592626063,96.0,[-72.0],84.3,127.1,0.0
sta1,ap4,1573592626419,96.0,[-72.0],82.8,128.3,0.0
sta1,ap4,1573592626774,96.0,[-72.0],81.6,126.8,0.0
sta1,ap4,1573592627127,96.0,[-71.0],83.1,125.6,0.0
sta1,ap4,1573592627476,96.0,[-72.0],84.3,127.1,0.0
sta1,ap4,1573592627827,96.0,[-72.0],85.5,128.6,0.0
sta1,ap4,1573592628177,96.0,[-72.0],84.3,127.1,0.0
sta1,ap4,1573592628535,96.0,[-72.0],82.8,128.3,0.0
sta1,ap4,1573592628883,96.0,[-72.0],84.3,127.1,0.0
sta1,ap4,1573592629242,96.0,[-71.0],83.1,125.6,0.0
sta1,ap4,1573592629605,96.0,[-72.0],81.6,126.8,0.0
sta1,ap4,1573592629954,96.0,[-72.0],82.8,128.3,0.0
sta1,ap4,1573592630305,96.0,[-73.0],81.3,129.5,0.0
