station,associatedTo,time,battery,rssi,x,y,z
sta1,ap3,1573578762832,99.9,[-77.0],114.992104732,140.628252386,0.0
sta1,ap3,1573578763209,99.9,[-65.0],114.968423915,141.256107954,0.0
sta1,ap3,1573578763567,99.9,[-65.0],114.928972507,141.883170138,0.0
sta1,ap3,1573578763917,99.9,[-65.0],114.873775425,142.509042871,0.0
sta1,ap3,1573578764267,99.9,[-65.0],114.802867533,143.133330839,0.0
sta1,ap3,1573578764618,99.9,[-65.0],114.716293618,143.755639728,0.0
sta1,ap3,1573578765000,99.9,[-65.0],114.614108363,144.375576474,0.0
sta1,ap3,1573578765370,99.9,[-65.0],114.49637631,144.992749513,0.0
sta1,ap3,1573578765720,99.9,[-65.0],114.36317182,145.606769024,0.0
sta1,ap3,1573578766072,99.9,[-65.0],114.214579028,146.217247179,0.0
sta1,ap3,1573578766423,99.9,[-65.0],114.05069179,146.823798388,0.0
sta1,ap3,1573578766814,99.9,[-65.0],113.871613619,147.426039539,0.0
sta1,ap3,1573578767164,99.9,[-65.0],113.677457625,148.023590245,0.0
sta1,ap3,1573578767514,99.9,[-65.0],113.468346441,148.616073079,0.0
sta1,ap3,1573578767864,99.9,[-65.0],113.244412147,149.203113817,0.0
sta1,ap3,1573578768217,99.9,[-65.0],113.005796184,149.784341671,0.0
sta1,ap3,1573578768567,99.9,[-65.0],112.752649267,150.359389525,0.0
sta1,ap3,1573578768921,99.9,[-66.0],112.485131289,150.927894166,0.0
sta1,ap3,1573578769271,99.9,[-66.0],112.20341122,151.489496516,0.0
sta1,ap3,1573578769622,99.9,[-66.0],111.907667001,152.043841853,0.0
sta1,ap3,1573578769971,99.9,[-66.0],111.59808543,152.590580041,0.0
sta1,ap3,1573578770320,99.9,[-67.0],111.274862045,153.129365749,0.0
sta1,ap3,1573578770670,99.9,[-67.0],110.938201001,153.659858668,0.0
sta1,ap3,1573578771070,99.9,[-67.0],110.588314941,154.181723728,0.0
sta1,ap3,1573578771427,99.9,[-67.0],110.225424859,154.694631307,0.0
sta1,ap3,1573578771780,99.9,[-68.0],109.849759966,155.198257442,0.0
sta1,ap3,1573578772138,99.9,[-68.0],109.461557539,155.692284032,0.0
sta1,ap3,1573578772492,99.9,[-68.0],109.061062775,156.176399039,0.0
sta1,ap3,1573578772841,99.9,[-69.0],108.648528636,156.650296686,0.0
sta1,ap3,1573578773201,99.9,[-69.0],108.224215686,157.113677648,0.0
sta1,ap3,1573578773549,99.9,[-69.0],107.78839193,157.566249245,0.0
sta1,ap3,1573578773906,99.9,[-69.0],107.341332645,158.007725622,0.0
sta1,ap2,1573578774283,99.8,[-70.0],106.883320203,158.437827934,0.0
sta1,ap2,1573578774636,99.8,[-67.0],106.414643894,158.856284518,0.0
sta1,ap2,1573578774987,99.8,[-67.0],105.935599744,159.262831069,0.0
sta1,ap2,1573578775375,99.8,[-66.0],105.446490327,159.657210803,0.0
sta1,ap2,1573578775726,99.8,[-66.0],104.947624576,160.039174622,0.0
sta1,ap2,1573578776075,99.8,[-66.0],104.439317586,160.408481268,0.0
sta1,ap2,1573578776430,99.8,[-65.0],103.921890412,160.76489748,0.0
sta1,ap2,1573578776783,99.8,[-65.0],103.395669874,161.108198138,0.0
sta1,ap2,1573578777135,99.8,[-65.0],102.860988345,161.438166405,0.0
sta1,ap2,1573578777496,99.8,[-64.0],102.318183539,161.754593867,0.0
sta1,ap2,1573578777850,99.8,[-64.0],101.767598304,162.057280661,0.0
sta1,ap2,1573578778203,99.8,[-64.0],101.209580402,162.346035604,0.0
sta1,ap2,1573578778554,99.8,[-63.0],100.644482289,162.620676312,0.0
sta1,ap2,1573578778904,99.8,[-63.0],100.072660893,162.881029316,0.0
sta1,ap2,1573578779259,99.8,[-63.0],99.494477388,163.126930171,0.0
sta1,ap2,1573578779641,99.8,[-62.0],98.9102969678,163.358223561,0.0
sta1,ap2,1573578779990,99.8,[-62.0],98.3204886131,163.574763397,0.0
sta1,ap2,1573578780339,99.8,[-62.0],97.7254248594,163.776412907,0.0
sta1,ap2,1573578780695,99.8,[-62.0],97.1254815617,163.963044725,0.0
sta1,ap2,1573578781046,99.8,[-61.0],96.5210376572,164.134540971,0.0
sta1,ap2,1573578781397,99.8,[-61.0],95.9124749256,164.290793323,0.0
sta1,ap2,1573578781753,99.8,[-61.0],95.3001777481,164.431703089,0.0
sta1,ap2,1573578782102,99.8,[-61.0],94.6845328646,164.557181268,0.0
sta1,ap2,1573578782452,99.8,[-60.0],94.0659291299,164.667148605,0.0
sta1,ap2,1573578782802,99.8,[-60.0],93.4447572671,164.761535642,0.0
sta1,ap2,1573578783152,99.8,[-60.0],92.8214096218,164.840282763,0.0
sta1,ap2,1573578783504,99.8,[-60.0],92.1962799138,164.903340229,0.0
sta1,ap2,1573578783888,99.8,[-60.0],91.5697629882,164.950668211,0.0
sta1,ap2,1573578784255,99.8,[-60.0],90.9422545667,164.982236816,0.0
sta1,ap2,1573578784605,99.8,[-60.0],90.3141509971,164.998026105,0.0
sta1,ap2,1573578784956,99.8,[-60.0],89.6858490029,164.998026105,0.0
sta1,ap2,1573578785312,99.8,[-60.0],89.0577454333,164.982236816,0.0
sta1,ap2,1573578785661,99.8,[-60.0],88.4302370118,164.950668211,0.0
sta1,ap2,1573578786016,99.8,[-60.0],87.8037200862,164.903340229,0.0
sta1,ap2,1573578786373,99.8,[-60.0],87.1785903782,164.840282763,0.0
sta1,ap2,1573578786745,99.8,[-61.0],86.5552427329,164.761535642,0.0
sta1,ap2,1573578787095,99.8,[-61.0],85.9340708701,164.667148605,0.0
sta1,ap2,1573578787446,99.8,[-61.0],85.3154671354,164.557181268,0.0
sta1,ap2,1573578787798,99.8,[-61.0],84.6998222519,164.431703089,0.0
sta1,ap2,1573578788180,99.8,[-62.0],84.0875250744,164.290793323,0.0
sta1,ap2,1573578788534,99.8,[-62.0],83.4789623428,164.134540971,0.0
sta1,ap2,1573578788885,99.8,[-62.0],82.8745184383,163.963044725,0.0
sta1,ap2,1573578789236,99.8,[-62.0],82.2745751406,163.776412907,0.0
sta1,ap2,1573578789589,99.8,[-63.0],81.6795113869,163.574763397,0.0
sta1,ap2,1573578789955,99.8,[-63.0],81.0897030322,163.358223561,0.0
sta1,ap2,1573578790306,99.8,[-63.0],80.505522612,163.126930171,0.0
sta1,ap2,1573578790673,99.8,[-64.0],79.9273391072,162.881029316,0.0
sta1,ap2,1573578791027,99.8,[-64.0],79.3555177109,162.620676312,0.0
sta1,ap2,1573578791401,99.8,[-64.0],78.7904195977,162.346035604,0.0
sta1,ap2,1573578791755,99.8,[-65.0],78.2324016959,162.057280661,0.0
sta1,ap2,1573578792107,99.8,[-65.0],77.6818164613,161.754593867,0.0
sta1,ap2,1573578792488,99.8,[-65.0],77.1390116555,161.438166405,0.0
sta1,ap2,1573578792837,99.8,[-66.0],76.6043301255,161.108198138,0.0
sta1,ap2,1573578793190,99.8,[-66.0],76.0781095878,160.76489748,0.0
sta1,ap2,1573578793548,99.8,[-66.0],75.5606824144,160.408481268,0.0
sta1,ap2,1573578793910,99.8,[-67.0],75.0523754236,160.039174622,0.0
sta1,ap2,1573578794263,99.8,[-67.0],74.5535096727,159.657210803,0.0
sta1,ap1,1573578794637,99.7,[-67.0],74.0644002563,159.262831069,0.0
sta1,ap1,1573578794987,99.7,[-68.0],73.5853561062,158.856284518,0.0
sta1,ap1,1573578795339,99.7,[-68.0],73.116679797,158.437827934,0.0
sta1,ap1,1573578795694,99.7,[-67.0],72.6586673547,158.007725622,0.0
sta1,ap1,1573578796050,99.7,[-67.0],72.2116080698,157.566249245,0.0
sta1,ap1,1573578796405,99.7,[-67.0],71.7757843145,157.113677648,0.0
sta1,ap1,1573578796794,99.7,[-66.0],71.3514713644,156.650296686,0.0
sta1,ap1,1573578797144,99.7,[-66.0],70.9389372247,156.176399039,0.0
sta1,ap1,1573578797507,99.7,[-66.0],70.5384424608,155.692284032,0.0
sta1,ap1,1573578797883,99.7,[-65.0],70.1502400338,155.198257442,0.0
sta1,ap1,1573578798233,99.7,[-65.0],69.7745751406,154.694631307,0.0
sta1,ap1,1573578798587,99.7,[-65.0],69.4116850593,154.181723728,0.0
sta1,ap1,1573578798939,99.7,[-64.0],69.0617989989,153.659858668,0.0
sta1,ap1,1573578799291,99.7,[-64.0],68.7251379551,153.129365749,0.0
sta1,ap1,1573578799643,99.7,[-64.0],68.4019145702,152.590580041,0.0
sta1,ap1,1573578799998,99.7,[-64.0],68.0923329989,152.043841853,0.0
sta1,ap1,1573578800372,99.7,[-63.0],67.7965887797,151.489496516,0.0
sta1,ap1,1573578800725,99.7,[-63.0],67.5148687108,150.927894166,0.0
sta1,ap1,1573578801096,99.7,[-63.0],67.2473507329,150.359389525,0.0
sta1,ap1,1573578801446,99.7,[-63.0],66.9942038159,149.784341671,0.0
sta1,ap1,1573578801795,99.7,[-62.0],66.7555878528,149.203113817,0.0
sta1,ap1,1573578802143,99.7,[-62.0],66.5316535587,148.616073079,0.0
sta1,ap1,1573578802502,99.7,[-62.0],66.3225423751,148.023590245,0.0
sta1,ap1,1573578802852,99.7,[-62.0],66.1283863813,147.426039539,0.0
sta1,ap1,1573578803201,99.7,[-62.0],65.9493082103,146.823798388,0.0
sta1,ap1,1573578803551,99.7,[-62.0],65.7854209718,146.217247179,0.0
sta1,ap1,1573578803924,99.7,[-62.0],65.6368281803,145.606769024,0.0
sta1,ap1,1573578804275,99.7,[-62.0],65.5036236904,144.992749513,0.0
sta1,ap1,1573578804634,99.7,[-62.0],65.3858916368,144.375576474,0.0
sta1,ap1,1573578804985,99.7,[-62.0],65.2837063816,143.755639728,0.0
sta1,ap1,1573578805378,99.7,[-62.0],65.1971324671,143.133330839,0.0
sta1,ap1,1573578805730,99.7,[-63.0],65.1262245755,142.509042871,0.0
sta1,ap1,1573578806079,99.7,[-63.0],65.0710274935,141.883170138,0.0
sta1,ap1,1573578806445,99.7,[-63.0],65.0315760848,141.256107954,0.0
sta1,ap1,1573578806795,99.7,[-63.0],65.0078952679,140.628252386,0.0
sta1,ap1,1573578807146,99.7,[-64.0],65.0,140.0,0.0
sta1,ap1,1573578807502,99.7,[-64.0],65.0078952679,139.371747614,0.0
sta1,ap1,1573578807860,99.7,[-64.0],65.0315760848,138.743892046,0.0
sta1,ap1,1573578808215,99.7,[-64.0],65.0710274935,138.116829862,0.0
sta1,ap1,1573578808571,99.7,[-65.0],65.1262245755,137.490957129,0.0
sta1,ap1,1573578808922,99.7,[-65.0],65.1971324671,136.866669161,0.0
sta1,ap1,1573578809270,99.7,[-65.0],65.2837063816,136.244360272,0.0
sta1,ap1,1573578809663,99.7,[-66.0],65.3858916368,135.624423526,0.0
sta1,ap1,1573578810012,99.7,[-66.0],65.5036236904,135.007250487,0.0
sta1,ap1,1573578810361,99.7,[-66.0],65.6368281803,134.393230976,0.0
sta1,ap1,1573578810713,99.7,[-67.0],65.7854209718,133.782752821,0.0
sta1,ap1,1573578811070,99.7,[-67.0],65.9493082103,133.176201612,0.0
sta1,ap1,1573578811422,99.7,[-67.0],66.1283863813,132.573960461,0.0
sta1,ap1,1573578811774,99.7,[-68.0],66.3225423751,131.976409755,0.0
sta1,ap1,1573578812127,99.7,[-68.0],66.5316535587,131.383926921,0.0
sta1,ap1,1573578812484,99.7,[-68.0],66.7555878528,130.796886183,0.0
sta1,ap1,1573578812837,99.7,[-69.0],66.9942038159,130.215658329,0.0
sta1,ap1,1573578813196,99.7,[-69.0],67.2473507329,129.640610475,0.0
sta1,ap1,1573578813549,99.7,[-69.0],67.5148687108,129.072105834,0.0
sta1,ap1,1573578813933,99.7,[-70.0],67.7965887797,128.510503484,0.0
sta1,ap1,1573578814284,99.7,[-70.0],68.0923329989,127.956158147,0.0
sta1,ap4,1573578814662,99.6,[-70.0],68.4019145702,127.409419959,0.0
sta1,ap4,1573578815013,99.6,[-74.0],68.7251379551,126.870634251,0.0
sta1,ap4,1573578815365,99.6,[-73.0],69.0617989989,126.340141332,0.0
sta1,ap4,1573578815714,99.6,[-73.0],69.4116850593,125.818276272,0.0
sta1,ap4,1573578816068,99.6,[-73.0],69.7745751406,125.305368693,0.0
sta1,ap4,1573578816429,99.6,[-73.0],70.1502400338,124.801742558,0.0
sta1,ap4,1573578816796,99.6,[-73.0],70.5384424608,124.307715968,0.0
sta1,ap4,1573578817147,99.6,[-72.0],70.9389372247,123.823600961,0.0
sta1,ap4,1573578817497,99.6,[-72.0],71.3514713644,123.349703314,0.0
sta1,ap4,1573578817853,99.6,[-72.0],71.7757843145,122.886322352,0.0
sta1,ap4,1573578818251,99.6,[-72.0],72.2116080698,122.433750755,0.0
sta1,ap4,1573578818604,99.6,[-72.0],72.6586673547,121.992274378,0.0
sta1,ap4,1573578818955,99.6,[-71.0],73.116679797,121.562172066,0.0
sta1,ap4,1573578819305,99.6,[-71.0],73.5853561062,121.143715482,0.0
sta1,ap4,1573578819663,99.6,[-71.0],74.0644002563,120.737168931,0.0
sta1,ap4,1573578820040,99.6,[-71.0],74.5535096727,120.342789197,0.0
sta1,ap4,1573578820389,99.6,[-70.0],75.0523754236,119.960825378,0.0
sta1,ap4,1573578820742,99.6,[-70.0],75.5606824144,119.591518732,0.0
sta1,ap4,1573578821095,99.6,[-70.0],76.0781095878,119.23510252,0.0
sta1,ap4,1573578821445,99.6,[-70.0],76.6043301255,118.891801862,0.0
sta1,ap4,1573578821796,99.6,[-70.0],77.1390116555,118.561833595,0.0
sta1,ap4,1573578822149,99.6,[-69.0],77.6818164613,118.245406133,0.0
sta1,ap4,1573578822536,99.6,[-69.0],78.2324016959,117.942719339,0.0
sta1,ap4,1573578822887,99.6,[-69.0],78.7904195977,117.653964396,0.0
sta1,ap4,1573578823239,99.6,[-69.0],79.3555177109,117.379323688,0.0
sta1,ap4,1573578823592,99.6,[-69.0],79.9273391072,117.118970684,0.0
sta1,ap4,1573578823944,99.6,[-68.0],80.505522612,116.873069829,0.0
sta1,ap4,1573578824294,99.6,[-68.0],81.0897030322,116.641776439,0.0
sta1,ap4,1573578824649,99.6,[-68.0],81.6795113869,116.425236603,0.0
sta1,ap4,1573578825008,99.6,[-68.0],82.2745751406,116.223587093,0.0
sta1,ap4,1573578825367,99.6,[-68.0],82.8745184383,116.036955275,0.0
sta1,ap4,1573578825724,99.6,[-67.0],83.4789623428,115.865459029,0.0
sta1,ap4,1573578826079,99.6,[-67.0],84.0875250744,115.709206677,0.0
sta1,ap4,1573578826433,99.6,[-67.0],84.6998222519,115.568296911,0.0
sta1,ap4,1573578826822,99.6,[-67.0],85.3154671354,115.442818732,0.0
sta1,ap4,1573578827192,99.6,[-67.0],85.9340708701,115.332851395,0.0
sta1,ap4,1573578827554,99.6,[-67.0],86.5552427329,115.238464358,0.0
sta1,ap4,1573578827917,99.6,[-67.0],87.1785903782,115.159717237,0.0
sta1,ap4,1573578828271,99.6,[-67.0],87.8037200862,115.096659771,0.0
sta1,ap4,1573578828624,99.6,[-67.0],88.4302370118,115.049331789,0.0
sta1,ap4,1573578828978,99.6,[-66.0],89.0577454333,115.017763184,0.0
sta1,ap4,1573578829330,99.6,[-66.0],89.6858490029,115.001973895,0.0
sta1,ap4,1573578829683,99.6,[-66.0],90.3141509971,115.001973895,0.0
sta1,ap4,1573578830050,99.6,[-66.0],90.9422545667,115.017763184,0.0
sta1,ap4,1573578830403,99.6,[-66.0],91.5697629882,115.049331789,0.0
sta1,ap4,1573578830765,99.6,[-67.0],92.1962799138,115.096659771,0.0
sta1,ap4,1573578831151,99.6,[-67.0],92.8214096218,115.159717237,0.0
sta1,ap4,1573578831506,99.6,[-67.0],93.4447572671,115.238464358,0.0
sta1,ap4,1573578831858,99.6,[-67.0],94.0659291299,115.332851395,0.0
sta1,ap4,1573578832224,99.6,[-67.0],94.6845328646,115.442818732,0.0
sta1,ap4,1573578832577,99.6,[-67.0],95.3001777481,115.568296911,0.0
sta1,ap4,1573578832936,99.6,[-67.0],95.9124749256,115.709206677,0.0
sta1,ap4,1573578833288,99.6,[-67.0],96.5210376572,115.865459029,0.0
sta1,ap4,1573578833641,99.6,[-67.0],97.1254815617,116.036955275,0.0
sta1,ap4,1573578833995,99.6,[-67.0],97.7254248594,116.223587093,0.0
sta1,ap4,1573578834350,99.6,[-68.0],98.3204886131,116.425236603,0.0
sta1,ap4,1573578834703,99.6,[-68.0],98.9102969678,116.641776439,0.0
sta1,ap4,1573578835075,99.6,[-68.0],99.494477388,116.873069829,0.0
sta1,ap4,1573578835469,99.6,[-68.0],100.072660893,117.118970684,0.0
sta1,ap3,1573578835842,99.5,[-68.0],100.644482289,117.379323688,0.0
sta1,ap3,1573578836198,99.5,[-77.0],101.209580402,117.653964396,0.0
sta1,ap3,1573578836547,99.5,[-77.0],101.767598304,117.942719339,0.0
sta1,ap3,1573578836896,99.5,[-76.0],102.318183539,118.245406133,0.0
sta1,ap3,1573578837245,99.5,[-76.0],102.860988345,118.561833595,0.0
sta1,ap3,1573578837598,99.5,[-76.0],103.395669874,118.891801862,0.0
sta1,ap3,1573578837948,99.5,[-76.0],103.921890412,119.23510252,0.0
sta1,ap3,1573578838306,99.5,[-76.0],104.439317586,119.591518732,0.0
sta1,ap3,1573578838655,99.5,[-75.0],104.947624576,119.960825378,0.0
sta1,ap3,1573578839043,99.5,[-75.0],105.446490327,120.342789197,0.0
sta1,ap3,1573578839398,99.5,[-75.0],105.935599744,120.737168931,0.0
sta1,ap3,1573578839792,99.5,[-75.0],106.414643894,121.143715482,0.0
sta1,ap3,1573578840143,99.5,[-75.0],106.883320203,121.562172066,0.0
sta1,ap3,1573578840494,99.5,[-74.0],107.341332645,121.992274378,0.0
sta1,ap3,1573578840844,99.5,[-74.0],107.78839193,122.433750755,0.0
sta1,ap3,1573578841196,99.5,[-74.0],108.224215686,122.886322352,0.0
sta1,ap3,1573578841546,99.5,[-74.0],108.648528636,123.349703314,0.0
sta1,ap3,1573578841900,99.5,[-74.0],109.061062775,123.823600961,0.0
sta1,ap3,1573578842253,99.5,[-73.0],109.461557539,124.307715968,0.0
sta1,ap3,1573578842603,99.5,[-73.0],109.849759966,124.801742558,0.0
sta1,ap3,1573578842956,99.5,[-73.0],110.225424859,125.305368693,0.0
sta1,ap3,1573578843312,99.5,[-73.0],110.588314941,125.818276272,0.0
sta1,ap3,1573578843667,99.5,[-72.0],110.938201001,126.340141332,0.0
sta1,ap3,1573578844055,99.5,[-72.0],111.274862045,126.870634251,0.0
sta1,ap3,1573578844421,99.5,[-72.0],111.59808543,127.409419959,0.0
sta1,ap3,1573578844774,99.5,[-71.0],111.907667001,127.956158147,0.0
sta1,ap3,1573578845129,99.5,[-71.0],112.20341122,128.510503484,0.0
sta1,ap3,1573578845481,99.5,[-71.0],112.485131289,129.072105834,0.0
sta1,ap3,1573578845831,99.5,[-71.0],112.752649267,129.640610475,0.0
sta1,ap3,1573578846183,99.5,[-70.0],113.005796184,130.215658329,0.0
sta1,ap3,1573578846539,99.5,[-70.0],113.244412147,130.796886183,0.0
sta1,ap3,1573578846892,99.5,[-70.0],113.468346441,131.383926921,0.0
sta1,ap3,1573578847242,99.5,[-69.0],113.677457625,131.976409755,0.0
sta1,ap3,1573578847593,99.5,[-69.0],113.871613619,132.573960461,0.0
sta1,ap3,1573578847946,99.5,[-69.0],114.05069179,133.176201612,0.0
sta1,ap3,1573578848336,99.5,[-69.0],114.214579028,133.782752821,0.0
sta1,ap3,1573578848688,99.5,[-68.0],114.36317182,134.393230976,0.0
sta1,ap3,1573578849047,99.5,[-68.0],114.49637631,135.007250487,0.0
sta1,ap3,1573578849396,99.5,[-68.0],114.614108363,135.624423526,0.0
sta1,ap3,1573578849748,99.5,[-67.0],114.716293618,136.244360272,0.0
sta1,ap3,1573578850132,99.5,[-67.0],114.802867533,136.866669161,0.0
sta1,ap3,1573578850487,99.5,[-67.0],114.873775425,137.490957129,0.0
sta1,ap3,1573578850837,99.5,[-67.0],114.928972507,138.116829862,0.0
sta1,ap3,1573578851188,99.5,[-66.0],114.968423915,138.743892046,0.0
sta1,ap3,1573578851542,99.5,[-66.0],114.992104732,139.371747614,0.0
sta1,ap3,1573578851915,99.5,[-66.0],115.0,140.0,0.0
sta1,ap3,1573578852264,99.5,[-66.0],114.992104732,140.628252386,0.0
sta1,ap3,1573578852653,99.5,[-65.0],114.968423915,141.256107954,0.0
sta1,ap3,1573578853002,99.5,[-65.0],114.928972507,141.883170138,0.0
sta1,ap3,1573578853356,99.5,[-65.0],114.873775425,142.509042871,0.0
sta1,ap3,1573578853714,99.5,[-65.0],114.802867533,143.133330839,0.0
sta1,ap3,1573578854066,99.5,[-65.0],114.716293618,143.755639728,0.0
sta1,ap3,1573578854430,99.5,[-65.0],114.614108363,144.375576474,0.0
sta1,ap3,1573578854782,99.5,[-65.0],114.49637631,144.992749513,0.0
sta1,ap3,1573578855132,99.5,[-65.0],114.36317182,145.606769024,0.0
sta1,ap3,1573578855481,99.5,[-65.0],114.214579028,146.217247179,0.0
sta1,ap3,1573578855834,99.5,[-65.0],114.05069179,146.823798388,0.0
sta1,ap3,1573578856184,99.5,[-65.0],113.871613619,147.426039539,0.0
sta1,ap3,1573578856558,99.5,[-65.0],113.677457625,148.023590245,0.0
sta1,ap3,1573578856961,99.5,[-65.0],113.468346441,148.616073079,0.0
sta1,ap3,1573578857312,99.5,[-65.0],113.244412147,149.203113817,0.0
sta1,ap3,1573578857663,99.5,[-65.0],113.005796184,149.784341671,0.0
sta1,ap3,1573578858029,99.5,[-65.0],112.752649267,150.359389525,0.0
sta1,ap3,1573578858385,99.5,[-66.0],112.485131289,150.927894166,0.0
sta1,ap3,1573578858736,99.5,[-66.0],112.20341122,151.489496516,0.0
sta1,ap3,1573578859084,99.5,[-66.0],111.907667001,152.043841853,0.0
sta1,ap3,1573578859435,99.5,[-66.0],111.59808543,152.590580041,0.0
sta1,ap3,1573578859785,99.5,[-67.0],111.274862045,153.129365749,0.0
sta1,ap3,1573578860136,99.5,[-67.0],110.938201001,153.659858668,0.0
sta1,ap3,1573578860487,99.5,[-67.0],110.588314941,154.181723728,0.0
sta1,ap3,1573578860837,99.5,[-67.0],110.225424859,154.694631307,0.0
sta1,ap3,1573578861209,99.5,[-68.0],109.849759966,155.198257442,0.0
sta1,ap3,1573578861566,99.5,[-68.0],109.461557539,155.692284032,0.0
sta1,ap3,1573578861919,99.5,[-68.0],109.061062775,156.176399039,0.0
sta1,ap3,1573578862273,99.5,[-69.0],108.648528636,156.650296686,0.0
sta1,ap3,1573578862624,99.5,[-69.0],108.224215686,157.113677648,0.0
sta1,ap3,1573578862974,99.5,[-69.0],107.78839193,157.566249245,0.0
sta1,ap3,1573578863336,99.5,[-69.0],107.341332645,158.007725622,0.0
sta1,ap2,1573578863730,99.4,[-70.0],106.883320203,158.437827934,0.0
sta1,ap2,1573578864084,99.4,[-67.0],106.414643894,158.856284518,0.0
sta1,ap2,1573578864437,99.4,[-67.0],105.935599744,159.262831069,0.0
sta1,ap2,1573578864800,99.4,[-66.0],105.446490327,159.657210803,0.0
sta1,ap2,1573578865162,99.4,[-66.0],104.947624576,160.039174622,0.0
sta1,ap2,1573578865546,99.4,[-66.0],104.439317586,160.408481268,0.0
sta1,ap2,1573578865894,99.4,[-65.0],103.921890412,160.76489748,0.0
sta1,ap2,1573578866244,99.4,[-65.0],103.395669874,161.108198138,0.0
sta1,ap2,1573578866596,99.4,[-65.0],102.860988345,161.438166405,0.0
sta1,ap2,1573578866951,99.4,[-64.0],102.318183539,161.754593867,0.0
sta1,ap2,1573578867325,99.4,[-64.0],101.767598304,162.057280661,0.0
sta1,ap2,1573578867677,99.4,[-64.0],101.209580402,162.346035604,0.0
sta1,ap2,1573578868025,99.4,[-63.0],100.644482289,162.620676312,0.0
sta1,ap2,1573578868386,99.4,[-63.0],100.072660893,162.881029316,0.0
sta1,ap2,1573578868744,99.4,[-63.0],99.494477388,163.126930171,0.0
sta1,ap2,1573578869094,99.4,[-62.0],98.9102969678,163.358223561,0.0
sta1,ap2,1573578869444,99.4,[-62.0],98.3204886131,163.574763397,0.0
sta1,ap2,1573578869852,99.4,[-62.0],97.7254248594,163.776412907,0.0
sta1,ap2,1573578870203,99.4,[-62.0],97.1254815617,163.963044725,0.0
sta1,ap2,1573578870558,99.4,[-61.0],96.5210376572,164.134540971,0.0
sta1,ap2,1573578870910,99.4,[-61.0],95.9124749256,164.290793323,0.0
sta1,ap2,1573578871262,99.4,[-61.0],95.3001777481,164.431703089,0.0
sta1,ap2,1573578871673,99.4,[-61.0],94.6845328646,164.557181268,0.0
sta1,ap2,1573578872023,99.4,[-60.0],94.0659291299,164.667148605,0.0
sta1,ap2,1573578872374,99.4,[-60.0],93.4447572671,164.761535642,0.0
sta1,ap2,1573578872724,99.4,[-60.0],92.8214096218,164.840282763,0.0
sta1,ap2,1573578873075,99.4,[-60.0],92.1962799138,164.903340229,0.0
sta1,ap2,1573578873430,99.4,[-60.0],91.5697629882,164.950668211,0.0
sta1,ap2,1573578873783,99.4,[-60.0],90.9422545667,164.982236816,0.0
sta1,ap2,1573578874169,99.4,[-60.0],90.3141509971,164.998026105,0.0
sta1,ap2,1573578874525,99.4,[-60.0],89.6858490029,164.998026105,0.0
sta1,ap2,1573578874894,99.4,[-60.0],89.0577454333,164.982236816,0.0
sta1,ap2,1573578875251,99.4,[-60.0],88.4302370118,164.950668211,0.0
sta1,ap2,1573578875605,99.4,[-60.0],87.8037200862,164.903340229,0.0
sta1,ap2,1573578875964,99.4,[-60.0],87.1785903782,164.840282763,0.0
sta1,ap2,1573578876314,99.4,[-61.0],86.5552427329,164.761535642,0.0
sta1,ap2,1573578876668,99.4,[-61.0],85.9340708701,164.667148605,0.0
sta1,ap2,1573578877019,99.4,[-61.0],85.3154671354,164.557181268,0.0
sta1,ap2,1573578877370,99.4,[-61.0],84.6998222519,164.431703089,0.0
sta1,ap2,1573578877719,99.4,[-62.0],84.0875250744,164.290793323,0.0
sta1,ap2,1573578878068,99.4,[-62.0],83.4789623428,164.134540971,0.0
sta1,ap2,1573578878444,99.4,[-62.0],82.8745184382,163.963044725,0.0
sta1,ap2,1573578878796,99.4,[-62.0],82.2745751406,163.776412907,0.0
sta1,ap2,1573578879146,99.4,[-63.0],81.6795113869,163.574763397,0.0
sta1,ap2,1573578879498,99.4,[-63.0],81.0897030322,163.358223561,0.0
sta1,ap2,1573578879855,99.4,[-63.0],80.505522612,163.126930171,0.0
sta1,ap2,1573578880206,99.4,[-64.0],79.9273391072,162.881029316,0.0
sta1,ap2,1573578880557,99.4,[-64.0],79.3555177109,162.620676312,0.0
sta1,ap2,1573578880923,99.4,[-64.0],78.7904195977,162.346035604,0.0
sta1,ap2,1573578881274,99.4,[-65.0],78.2324016959,162.057280661,0.0
sta1,ap2,1573578881624,99.4,[-65.0],77.6818164613,161.754593867,0.0
sta1,ap2,1573578881975,99.4,[-65.0],77.1390116555,161.438166405,0.0
sta1,ap2,1573578882325,99.4,[-66.0],76.6043301255,161.108198138,0.0
sta1,ap2,1573578882702,99.4,[-66.0],76.0781095878,160.76489748,0.0
sta1,ap2,1573578883056,99.4,[-66.0],75.5606824144,160.408481268,0.0
sta1,ap2,1573578883406,99.4,[-67.0],75.0523754236,160.039174622,0.0
sta1,ap2,1573578883757,99.4,[-67.0],74.5535096727,159.657210803,0.0
sta1,ap1,1573578884134,99.3,[-67.0],74.0644002563,159.262831069,0.0
sta1,ap1,1573578884500,99.3,[-68.0],73.5853561062,158.856284518,0.0
sta1,ap1,1573578884857,99.3,[-68.0],73.116679797,158.437827934,0.0
sta1,ap1,1573578885210,99.3,[-67.0],72.6586673547,158.007725622,0.0
sta1,ap1,1573578885564,99.3,[-67.0],72.2116080698,157.566249245,0.0
sta1,ap1,1573578885958,99.3,[-67.0],71.7757843145,157.113677648,0.0
sta1,ap1,1573578886313,99.3,[-66.0],71.3514713644,156.650296686,0.0
sta1,ap1,1573578886664,99.3,[-66.0],70.9389372247,156.176399039,0.0
sta1,ap1,1573578887048,99.3,[-66.0],70.5384424608,155.692284032,0.0
sta1,ap1,1573578887402,99.3,[-65.0],70.1502400338,155.198257442,0.0
sta1,ap1,1573578887765,99.3,[-65.0],69.7745751406,154.694631307,0.0
sta1,ap1,1573578888117,99.3,[-65.0],69.4116850593,154.181723728,0.0
sta1,ap1,1573578888488,99.3,[-64.0],69.0617989989,153.659858668,0.0
sta1,ap1,1573578888841,99.3,[-64.0],68.7251379551,153.129365749,0.0
sta1,ap1,1573578889194,99.3,[-64.0],68.4019145702,152.590580041,0.0
sta1,ap1,1573578889545,99.3,[-64.0],68.0923329989,152.043841853,0.0
sta1,ap1,1573578889903,99.3,[-63.0],67.7965887797,151.489496516,0.0
sta1,ap1,1573578890255,99.3,[-63.0],67.5148687108,150.927894166,0.0
sta1,ap1,1573578890607,99.3,[-63.0],67.2473507329,150.359389525,0.0
sta1,ap1,1573578890959,99.3,[-63.0],66.9942038159,149.784341671,0.0
sta1,ap1,1573578891338,99.3,[-62.0],66.7555878528,149.203113817,0.0
sta1,ap1,1573578891691,99.3,[-62.0],66.5316535587,148.616073079,0.0
sta1,ap1,1573578892043,99.3,[-62.0],66.3225423751,148.023590245,0.0
sta1,ap1,1573578892395,99.3,[-62.0],66.1283863813,147.426039539,0.0
sta1,ap1,1573578892745,99.3,[-62.0],65.9493082103,146.823798388,0.0
sta1,ap1,1573578893099,99.3,[-62.0],65.7854209718,146.217247179,0.0
sta1,ap1,1573578893456,99.3,[-62.0],65.6368281803,145.606769024,0.0
sta1,ap1,1573578893825,99.3,[-62.0],65.5036236904,144.992749513,0.0
sta1,ap1,1573578894183,99.3,[-62.0],65.3858916368,144.375576474,0.0
sta1,ap1,1573578894536,99.3,[-62.0],65.2837063816,143.755639728,0.0
sta1,ap1,1573578894887,99.3,[-62.0],65.1971324671,143.133330839,0.0
sta1,ap1,1573578895240,99.3,[-63.0],65.1262245755,142.509042871,0.0
sta1,ap1,1573578895623,99.3,[-63.0],65.0710274935,141.883170138,0.0
sta1,ap1,1573578895975,99.3,[-63.0],65.0315760848,141.256107954,0.0
sta1,ap1,1573578896327,99.3,[-63.0],65.0078952679,140.628252386,0.0
sta1,ap1,1573578896680,99.3,[-64.0],65.0,140.0,0.0
sta1,ap1,1573578897033,99.3,[-64.0],65.0078952679,139.371747614,0.0
sta1,ap1,1573578897383,99.3,[-64.0],65.0315760848,138.743892046,0.0
sta1,ap1,1573578897733,99.3,[-64.0],65.0710274935,138.116829862,0.0
sta1,ap1,1573578898090,99.3,[-65.0],65.1262245755,137.490957129,0.0
sta1,ap1,1573578898442,99.3,[-65.0],65.1971324671,136.866669161,0.0
sta1,ap1,1573578898795,99.3,[-65.0],65.2837063816,136.244360272,0.0
sta1,ap1,1573578899146,99.3,[-66.0],65.3858916368,135.624423526,0.0
sta1,ap1,1573578899497,99.3,[-66.0],65.5036236904,135.007250487,0.0
sta1,ap1,1573578899879,99.3,[-66.0],65.6368281803,134.393230976,0.0
sta1,ap1,1573578900230,99.3,[-67.0],65.7854209718,133.782752821,0.0
sta1,ap1,1573578900579,99.3,[-67.0],65.9493082103,133.176201612,0.0
sta1,ap1,1573578900933,99.3,[-67.0],66.1283863813,132.573960461,0.0
sta1,ap1,1573578901299,99.3,[-68.0],66.3225423751,131.976409755,0.0
sta1,ap1,1573578901653,99.3,[-68.0],66.5316535587,131.383926921,0.0
sta1,ap1,1573578902005,99.3,[-68.0],66.7555878528,130.796886183,0.0
sta1,ap1,1573578902355,99.3,[-69.0],66.9942038159,130.215658329,0.0
sta1,ap1,1573578902717,99.3,[-69.0],67.2473507329,129.640610475,0.0
sta1,ap1,1573578903067,99.3,[-69.0],67.5148687108,129.072105834,0.0
sta1,ap1,1573578903416,99.3,[-70.0],67.7965887797,128.510503484,0.0
sta1,ap1,1573578903766,99.3,[-70.0],68.0923329989,127.956158147,0.0
sta1,ap4,1573578904174,99.2,[-70.0],68.4019145702,127.409419959,0.0
sta1,ap4,1573578904526,99.2,[-74.0],68.7251379551,126.870634251,0.0
sta1,ap4,1573578904839,99.2,[-73.0],69.0617989989,126.340141332,0.0
sta1,ap4,1573578905192,99.2,[-73.0],69.4116850593,125.818276272,0.0
sta1,ap4,1573578905551,99.2,[-73.0],69.7745751406,125.305368693,0.0
sta1,ap4,1573578905916,99.2,[-73.0],70.1502400338,124.801742558,0.0
sta1,ap4,1573578906265,99.2,[-73.0],70.5384424608,124.307715968,0.0
sta1,ap4,1573578906616,99.2,[-72.0],70.9389372247,123.823600961,0.0
sta1,ap4,1573578906978,99.2,[-72.0],71.3514713644,123.349703314,0.0
sta1,ap4,1573578907349,99.2,[-72.0],71.7757843145,122.886322352,0.0
sta1,ap4,1573578907699,99.2,[-72.0],72.2116080698,122.433750755,0.0
sta1,ap4,1573578908053,99.2,[-72.0],72.6586673547,121.992274378,0.0
sta1,ap4,1573578908444,99.2,[-71.0],73.116679797,121.562172066,0.0
sta1,ap4,1573578908794,99.2,[-71.0],73.5853561062,121.143715482,0.0
sta1,ap4,1573578909143,99.2,[-71.0],74.0644002563,120.737168931,0.0
sta1,ap4,1573578909496,99.2,[-71.0],74.5535096727,120.342789197,0.0
sta1,ap4,1573578909846,99.2,[-70.0],75.0523754236,119.960825378,0.0
sta1,ap4,1573578910199,99.2,[-70.0],75.5606824144,119.591518732,0.0
sta1,ap4,1573578910557,99.2,[-70.0],76.0781095878,119.23510252,0.0
sta1,ap4,1573578910925,99.2,[-70.0],76.6043301255,118.891801862,0.0
sta1,ap4,1573578911275,99.2,[-70.0],77.1390116555,118.561833595,0.0
sta1,ap4,1573578911634,99.2,[-69.0],77.6818164613,118.245406133,0.0
sta1,ap4,1573578911988,99.2,[-69.0],78.2324016959,117.942719339,0.0
sta1,ap4,1573578912340,99.2,[-69.0],78.7904195978,117.653964396,0.0
sta1,ap4,1573578912708,99.2,[-69.0],79.3555177109,117.379323688,0.0
sta1,ap4,1573578913065,99.2,[-69.0],79.9273391072,117.118970684,0.0
sta1,ap4,1573578913419,99.2,[-68.0],80.505522612,116.873069829,0.0
sta1,ap4,1573578913772,99.2,[-68.0],81.0897030322,116.641776439,0.0
sta1,ap4,1573578914127,99.2,[-68.0],81.6795113869,116.425236603,0.0
sta1,ap4,1573578914480,99.2,[-68.0],82.2745751406,116.223587093,0.0
sta1,ap4,1573578914836,99.2,[-68.0],82.8745184383,116.036955275,0.0
sta1,ap4,1573578915192,99.2,[-67.0],83.4789623428,115.865459029,0.0
sta1,ap4,1573578915547,99.2,[-67.0],84.0875250744,115.709206677,0.0
sta1,ap4,1573578915905,99.2,[-67.0],84.699822252,115.568296911,0.0
sta1,ap4,1573578916260,99.2,[-67.0],85.3154671354,115.442818732,0.0
sta1,ap4,1573578916612,99.2,[-67.0],85.9340708701,115.332851395,0.0
sta1,ap4,1573578917025,99.2,[-67.0],86.5552427329,115.238464358,0.0
sta1,ap4,1573578917394,99.2,[-67.0],87.1785903782,115.159717237,0.0
sta1,ap4,1573578917748,99.2,[-67.0],87.8037200862,115.096659771,0.0
sta1,ap4,1573578918107,99.2,[-67.0],88.4302370118,115.049331789,0.0
sta1,ap4,1573578918469,99.2,[-66.0],89.0577454333,115.017763184,0.0
sta1,ap4,1573578918823,99.2,[-66.0],89.6858490029,115.001973895,0.0
sta1,ap4,1573578919176,99.2,[-66.0],90.3141509971,115.001973895,0.0
sta1,ap4,1573578919529,99.2,[-66.0],90.9422545668,115.017763184,0.0
sta1,ap4,1573578919886,99.2,[-66.0],91.5697629882,115.049331789,0.0
sta1,ap4,1573578920239,99.2,[-67.0],92.1962799138,115.096659771,0.0
sta1,ap4,1573578920599,99.2,[-67.0],92.8214096218,115.159717237,0.0
sta1,ap4,1573578920960,99.2,[-67.0],93.4447572671,115.238464358,0.0
sta1,ap4,1573578921339,99.2,[-67.0],94.0659291299,115.332851395,0.0
sta1,ap4,1573578921695,99.2,[-67.0],94.6845328646,115.442818732,0.0
sta1,ap4,1573578922049,99.2,[-67.0],95.3001777481,115.568296911,0.0
sta1,ap4,1573578922408,99.2,[-67.0],95.9124749256,115.709206677,0.0
sta1,ap4,1573578922764,99.2,[-67.0],96.5210376572,115.865459029,0.0
sta1,ap4,1573578923117,99.2,[-67.0],97.1254815618,116.036955275,0.0
sta1,ap4,1573578923472,99.2,[-67.0],97.7254248594,116.223587093,0.0
sta1,ap4,1573578923825,99.2,[-68.0],98.3204886131,116.425236603,0.0
sta1,ap4,1573578924183,99.2,[-68.0],98.9102969678,116.641776439,0.0
sta1,ap4,1573578924537,99.2,[-68.0],99.494477388,116.873069829,0.0
sta1,ap4,1573578924894,99.2,[-68.0],100.072660893,117.118970684,0.0
sta1,ap3,1573578925270,99.1,[-68.0],100.644482289,117.379323688,0.0
sta1,ap3,1573578925657,99.1,[-77.0],101.209580402,117.653964396,0.0
sta1,ap3,1573578926012,99.1,[-77.0],101.767598304,117.942719339,0.0
sta1,ap3,1573578926364,99.1,[-76.0],102.318183539,118.245406133,0.0
sta1,ap3,1573578926713,99.1,[-76.0],102.860988345,118.561833595,0.0
sta1,ap3,1573578927063,99.1,[-76.0],103.395669874,118.891801862,0.0
sta1,ap3,1573578927414,99.1,[-76.0],103.921890412,119.23510252,0.0
sta1,ap3,1573578927785,99.1,[-76.0],104.439317586,119.591518732,0.0
sta1,ap3,1573578928135,99.1,[-75.0],104.947624576,119.960825378,0.0
sta1,ap3,1573578928485,99.1,[-75.0],105.446490327,120.342789197,0.0
sta1,ap3,1573578928857,99.1,[-75.0],105.935599744,120.737168931,0.0
sta1,ap3,1573578929206,99.1,[-75.0],106.414643894,121.143715482,0.0
sta1,ap3,1573578929563,99.1,[-75.0],106.883320203,121.562172066,0.0
sta1,ap3,1573578929945,99.1,[-74.0],107.341332645,121.992274378,0.0
sta1,ap3,1573578930295,99.1,[-74.0],107.78839193,122.433750755,0.0
sta1,ap3,1573578930650,99.1,[-74.0],108.224215686,122.886322352,0.0
sta1,ap3,1573578931020,99.1,[-74.0],108.648528636,123.349703314,0.0
sta1,ap3,1573578931373,99.1,[-74.0],109.061062775,123.823600961,0.0
sta1,ap3,1573578931723,99.1,[-73.0],109.461557539,124.307715968,0.0
sta1,ap3,1573578932074,99.1,[-73.0],109.849759966,124.801742558,0.0
sta1,ap3,1573578932426,99.1,[-73.0],110.225424859,125.305368693,0.0
sta1,ap3,1573578932777,99.1,[-73.0],110.588314941,125.818276272,0.0
sta1,ap3,1573578933130,99.1,[-72.0],110.938201001,126.340141332,0.0
sta1,ap3,1573578933487,99.1,[-72.0],111.274862045,126.870634251,0.0
sta1,ap3,1573578933839,99.1,[-72.0],111.59808543,127.409419959,0.0
sta1,ap3,1573578934214,99.1,[-71.0],111.907667001,127.956158147,0.0
sta1,ap3,1573578934564,99.1,[-71.0],112.20341122,128.510503484,0.0
sta1,ap3,1573578934914,99.1,[-71.0],112.485131289,129.072105834,0.0
sta1,ap3,1573578935264,99.1,[-71.0],112.752649267,129.640610475,0.0
sta1,ap3,1573578935613,99.1,[-70.0],113.005796184,130.215658329,0.0
sta1,ap3,1573578935962,99.1,[-70.0],113.244412147,130.796886183,0.0
sta1,ap3,1573578936315,99.1,[-70.0],113.468346441,131.383926921,0.0
sta1,ap3,1573578936664,99.1,[-69.0],113.677457625,131.976409755,0.0
sta1,ap3,1573578937016,99.1,[-69.0],113.871613619,132.573960461,0.0
sta1,ap3,1573578937373,99.1,[-69.0],114.05069179,133.176201612,0.0
sta1,ap3,1573578937730,99.1,[-69.0],114.214579028,133.782752821,0.0
sta1,ap3,1573578938090,99.1,[-68.0],114.36317182,134.393230976,0.0
sta1,ap3,1573578938465,99.1,[-68.0],114.49637631,135.007250487,0.0
sta1,ap3,1573578938815,99.1,[-68.0],114.614108363,135.624423526,0.0
sta1,ap3,1573578939170,99.1,[-67.0],114.716293618,136.244360272,0.0
sta1,ap3,1573578939525,99.1,[-67.0],114.802867533,136.866669161,0.0
sta1,ap3,1573578939875,99.1,[-67.0],114.873775425,137.490957129,0.0
sta1,ap3,1573578940229,99.1,[-67.0],114.928972507,138.116829862,0.0
sta1,ap3,1573578940597,99.1,[-66.0],114.968423915,138.743892046,0.0
sta1,ap3,1573578940957,99.1,[-66.0],114.992104732,139.371747614,0.0
sta1,ap3,1573578941307,99.1,[-66.0],115.0,140.0,0.0
