station,associatedTo,time,battery,rssi,x,y,z
sta1,ap4,1573744148129,99.9,[-77.0],88.5,146.2,0.0
sta1,ap2,1573744148505,99.8,[-77.0],87.0,147.4,0.0
sta1,ap4,1573744148892,99.7,[-70.0],88.5,146.2,0.0
sta1,ap2,1573744149268,99.6,[-70.0],89.7,147.7,0.0
sta1,ap4,1573744149638,99.5,[-70.0],88.5,146.2,0.0
sta1,ap4,1573744149993,99.5,[-77.0],87.3,144.7,0.0
sta1,ap4,1573744150345,99.5,[-76.0],88.8,143.5,0.0
sta1,ap4,1573744150698,99.5,[-76.0],90.3,142.3,0.0
sta1,ap4,1573744151050,99.5,[-76.0],91.5,143.8,0.0
sta1,ap4,1573744151418,99.5,[-77.0],90.0,145.0,0.0
sta1,ap4,1573744151768,99.5,[-76.0],88.8,143.5,0.0
sta1,ap4,1573744152117,99.5,[-76.0],87.6,142.0,0.0
sta1,ap4,1573744152471,99.5,[-76.0],86.1,143.2,0.0
sta1,ap4,1573744152825,99.5,[-77.0],84.6,144.4,0.0
sta1,ap4,1573744153220,99.5,[-77.0],85.8,145.9,0.0
sta1,ap4,1573744153582,99.5,[-77.0],87.3,144.7,0.0
sta1,ap4,1573744153934,99.5,[-77.0],85.8,145.9,0.0
sta1,ap1,1573744154307,99.4,[-77.0],84.3,147.1,0.0
sta1,ap4,1573744154681,99.3,[-73.0],85.8,145.9,0.0
sta1,ap4,1573744155030,99.3,[-77.0],87.3,144.7,0.0
sta1,ap4,1573744155379,99.3,[-76.0],86.1,143.2,0.0
sta1,ap4,1573744155732,99.3,[-77.0],87.3,144.7,0.0
sta1,ap4,1573744156084,99.3,[-77.0],88.5,146.2,0.0
sta1,ap2,1573744156455,99.2,[-77.0],87.0,147.4,0.0
sta1,ap1,1573744156827,99.1,[-70.0],85.5,148.6,0.0
sta1,ap2,1573744157202,99.0,[-73.0],87.0,147.4,0.0
sta1,ap1,1573744157574,98.9,[-70.0],85.5,148.6,0.0
sta1,ap2,1573744157947,98.8,[-73.0],87.0,147.4,0.0
sta1,ap1,1573744158324,98.7,[-70.0],85.5,148.6,0.0
sta1,ap1,1573744158671,98.7,[-72.0],84.3,147.1,0.0
sta1,ap1,1573744159025,98.7,[-73.0],85.5,148.6,0.0
sta1,ap2,1573744159396,98.6,[-73.0],87.0,147.4,0.0
sta1,ap4,1573744159767,98.5,[-71.0],85.8,145.9,0.0
sta1,ap2,1573744160136,98.4,[-71.0],87.0,147.4,0.0
sta1,ap2,1573744160486,98.4,[-69.0],88.2,148.9,0.0
sta1,ap2,1573744160855,98.4,[-70.0],89.7,147.7,0.0
sta1,ap4,1573744161228,98.3,[-70.0],91.2,146.5,0.0
sta1,ap2,1573744161602,98.2,[-70.0],92.4,148.0,0.0
sta1,ap1,1573744161972,98.1,[-69.0],90.9,149.2,0.0
sta1,ap2,1573744162346,98.0,[-75.0],92.1,150.7,0.0
sta1,ap2,1573744162698,98.0,[-68.0],93.3,152.2,0.0
sta1,ap2,1573744163081,98.0,[-67.0],91.8,153.4,0.0
sta1,ap2,1573744163432,98.0,[-67.0],90.3,154.6,0.0
sta1,ap2,1573744163780,98.0,[-66.0],91.5,156.1,0.0
sta1,ap2,1573744164131,98.0,[-65.0],90.0,157.3,0.0
sta1,ap2,1573744164502,98.0,[-64.0],91.2,158.8,0.0
sta1,ap2,1573744164853,98.0,[-64.0],89.7,160.0,0.0
sta1,ap2,1573744165204,98.0,[-65.0],88.5,158.5,0.0
sta1,ap2,1573744165553,98.0,[-64.0],89.7,160.0,0.0
sta1,ap2,1573744165909,98.0,[-63.0],90.9,161.5,0.0
sta1,ap2,1573744166262,98.0,[-63.0],92.4,160.3,0.0
sta1,ap2,1573744166610,98.0,[-63.0],90.9,161.5,0.0
sta1,ap2,1573744166964,98.0,[-61.0],92.1,163.0,0.0
sta1,ap2,1573744167315,98.0,[-60.0],90.6,164.2,0.0
sta1,ap2,1573744167667,98.0,[-62.0],89.4,162.7,0.0
sta1,ap2,1573744168053,98.0,[-63.0],88.2,161.2,0.0
sta1,ap2,1573744168406,98.0,[-62.0],86.7,162.4,0.0
sta1,ap2,1573744168765,98.0,[-63.0],85.5,160.9,0.0
sta1,ap2,1573744169118,98.0,[-62.0],86.7,162.4,0.0
sta1,ap2,1573744169468,98.0,[-61.0],87.9,163.9,0.0
sta1,ap2,1573744169825,98.0,[-60.0],89.1,165.4,0.0
sta1,ap2,1573744170175,98.0,[-58.0],90.3,166.9,0.0
sta1,ap2,1573744170526,98.0,[-57.0],88.8,168.1,0.0
sta1,ap2,1573744170876,98.0,[-55.0],90.0,169.6,0.0
sta1,ap2,1573744171238,98.0,[-56.0],91.5,168.4,0.0
sta1,ap2,1573744171590,98.0,[-55.0],92.7,169.9,0.0
sta1,ap2,1573744171941,98.0,[-53.0],93.9,171.4,0.0
sta1,ap2,1573744172291,98.0,[-51.0],92.4,172.6,0.0
sta1,ap2,1573744172682,98.0,[-49.0],93.6,174.1,0.0
sta1,ap2,1573744173039,98.0,[-51.0],92.4,172.6,0.0
sta1,ap2,1573744173395,98.0,[-53.0],91.2,171.1,0.0
sta1,ap2,1573744173746,98.0,[-55.0],92.7,169.9,0.0
sta1,ap2,1573744174097,98.0,[-53.0],93.9,171.4,0.0
sta1,ap2,1573744174461,98.0,[-51.0],92.4,172.6,0.0
sta1,ap2,1573744174820,98.0,[-48.0],90.9,173.8,0.0
sta1,ap2,1573744175174,98.0,[-46.0],89.4,175.0,0.0
sta1,ap2,1573744175526,98.0,[-48.0],90.9,173.8,0.0
sta1,ap2,1573744175874,98.0,[-51.0],92.4,172.6,0.0
sta1,ap2,1573744176224,98.0,[-49.0],93.6,174.1,0.0
sta1,ap2,1573744176575,98.0,[-52.0],95.1,172.9,0.0
sta1,ap2,1573744176924,98.0,[-53.0],93.9,171.4,0.0
sta1,ap2,1573744177274,98.0,[-52.0],95.1,172.9,0.0
sta1,ap2,1573744177623,98.0,[-51.0],96.3,174.4,0.0
sta1,ap2,1573744177975,98.0,[-47.0],94.8,175.6,0.0
sta1,ap2,1573744178326,98.0,[-51.0],96.3,174.4,0.0
sta1,ap2,1573744178674,98.0,[-52.0],95.1,172.9,0.0
sta1,ap2,1573744179027,98.0,[-51.0],96.3,174.4,0.0
sta1,ap2,1573744179376,98.0,[-52.0],95.1,172.9,0.0
sta1,ap2,1573744179724,98.0,[-53.0],93.9,171.4,0.0
sta1,ap2,1573744180077,98.0,[-52.0],95.1,172.9,0.0
sta1,ap2,1573744180427,98.0,[-51.0],96.3,174.4,0.0
sta1,ap2,1573744180779,98.0,[-54.0],97.8,173.2,0.0
sta1,ap2,1573744181133,98.0,[-51.0],96.3,174.4,0.0
sta1,ap2,1573744181481,98.0,[-47.0],94.8,175.6,0.0
sta1,ap2,1573744181830,98.0,[-49.0],93.6,174.1,0.0
sta1,ap2,1573744182181,98.0,[-51.0],92.4,172.6,0.0
sta1,ap2,1573744182532,98.0,[-49.0],93.6,174.1,0.0
sta1,ap2,1573744182883,98.0,[-51.0],92.4,172.6,0.0
sta1,ap2,1573744183234,98.0,[-53.0],91.2,171.1,0.0
sta1,ap2,1573744183588,98.0,[-55.0],90.0,169.6,0.0
sta1,ap2,1573744183936,98.0,[-57.0],88.8,168.1,0.0
sta1,ap2,1573744184284,98.0,[-55.0],90.0,169.6,0.0
sta1,ap2,1573744184633,98.0,[-54.0],88.5,170.8,0.0
sta1,ap2,1573744184986,98.0,[-53.0],87.0,172.0,0.0
sta1,ap2,1573744185378,98.0,[-53.0],85.5,173.2,0.0
sta1,ap2,1573744185726,98.0,[-53.0],87.0,172.0,0.0
sta1,ap2,1573744186088,98.0,[-50.0],88.2,173.5,0.0
sta1,ap2,1573744186443,98.0,[-46.0],89.4,175.0,0.0
sta1,ap2,1573744186799,98.0,[-48.0],90.9,173.8,0.0
sta1,ap2,1573744187156,98.0,[-45.0],92.1,175.3,0.0
sta1,ap2,1573744187509,98.0,[-48.0],90.9,173.8,0.0
sta1,ap2,1573744187861,98.0,[-51.0],92.4,172.6,0.0
sta1,ap2,1573744188211,98.0,[-48.0],90.9,173.8,0.0
sta1,ap2,1573744188562,98.0,[-51.0],89.7,172.3,0.0
sta1,ap2,1573744188918,98.0,[-53.0],91.2,171.1,0.0
sta1,ap2,1573744189269,98.0,[-51.0],92.4,172.6,0.0
sta1,ap2,1573744189619,98.0,[-53.0],91.2,171.1,0.0
sta1,ap2,1573744189968,98.0,[-51.0],89.7,172.3,0.0
sta1,ap2,1573744190319,98.0,[-53.0],91.2,171.1,0.0
sta1,ap2,1573744190668,98.0,[-55.0],90.0,169.6,0.0
sta1,ap2,1573744191017,98.0,[-54.0],88.5,170.8,0.0
sta1,ap2,1573744191374,98.0,[-53.0],87.0,172.0,0.0
sta1,ap2,1573744191721,98.0,[-54.0],88.5,170.8,0.0
sta1,ap2,1573744192074,98.0,[-56.0],87.3,169.3,0.0
sta1,ap2,1573744192425,98.0,[-56.0],85.8,170.5,0.0
sta1,ap2,1573744192779,98.0,[-53.0],87.0,172.0,0.0
sta1,ap2,1573744193126,98.0,[-54.0],88.5,170.8,0.0
sta1,ap2,1573744193475,98.0,[-53.0],87.0,172.0,0.0
sta1,ap2,1573744193823,98.0,[-54.0],88.5,170.8,0.0
sta1,ap2,1573744194175,98.0,[-55.0],90.0,169.6,0.0
sta1,ap2,1573744194529,98.0,[-57.0],88.8,168.1,0.0
sta1,ap2,1573744194880,98.0,[-59.0],87.6,166.6,0.0
sta1,ap2,1573744195255,98.0,[-58.0],86.1,167.8,0.0
sta1,ap2,1573744195606,98.0,[-59.0],87.6,166.6,0.0
sta1,ap2,1573744195955,98.0,[-57.0],88.8,168.1,0.0
sta1,ap2,1573744196313,98.0,[-56.0],87.3,169.3,0.0
sta1,ap2,1573744196663,98.0,[-57.0],88.8,168.1,0.0
sta1,ap2,1573744197017,98.0,[-58.0],90.3,166.9,0.0
sta1,ap2,1573744197368,98.0,[-60.0],89.1,165.4,0.0
sta1,ap2,1573744197719,98.0,[-61.0],87.9,163.9,0.0
sta1,ap2,1573744198072,98.0,[-60.0],86.4,165.1,0.0
sta1,ap2,1573744198422,98.0,[-59.0],87.6,166.6,0.0
sta1,ap2,1573744198770,98.0,[-57.0],88.8,168.1,0.0
sta1,ap2,1573744199117,98.0,[-55.0],90.0,169.6,0.0
sta1,ap2,1573744199469,98.0,[-57.0],88.8,168.1,0.0
sta1,ap2,1573744199822,98.0,[-59.0],87.6,166.6,0.0
sta1,ap2,1573744200189,98.0,[-60.0],89.1,165.4,0.0
sta1,ap2,1573744200541,98.0,[-61.0],87.9,163.9,0.0
sta1,ap2,1573744200889,98.0,[-62.0],89.4,162.7,0.0
sta1,ap2,1573744201250,98.0,[-60.0],90.6,164.2,0.0
sta1,ap2,1573744201602,98.0,[-60.0],89.1,165.4,0.0
sta1,ap2,1573744201951,98.0,[-60.0],90.6,164.2,0.0
sta1,ap2,1573744202301,98.0,[-59.0],91.8,165.7,0.0
sta1,ap2,1573744202652,98.0,[-60.0],93.3,164.5,0.0
sta1,ap2,1573744203000,98.0,[-59.0],94.5,166.0,0.0
sta1,ap2,1573744203351,98.0,[-60.0],93.3,164.5,0.0
sta1,ap2,1573744203703,98.0,[-59.0],91.8,165.7,0.0
sta1,ap2,1573744204085,98.0,[-60.0],90.6,164.2,0.0
sta1,ap2,1573744204436,98.0,[-61.0],92.1,163.0,0.0
sta1,ap2,1573744204789,98.0,[-63.0],90.9,161.5,0.0
sta1,ap2,1573744205158,98.0,[-62.0],89.4,162.7,0.0
sta1,ap2,1573744205524,98.0,[-63.0],88.2,161.2,0.0
sta1,ap2,1573744205872,98.0,[-64.0],87.0,159.7,0.0
sta1,ap2,1573744206226,98.0,[-65.0],85.8,158.2,0.0
sta1,ap2,1573744206596,98.0,[-66.0],87.3,157.0,0.0
sta1,ap2,1573744206949,98.0,[-65.0],88.5,158.5,0.0
sta1,ap2,1573744207300,98.0,[-66.0],87.3,157.0,0.0
sta1,ap2,1573744207652,98.0,[-66.0],86.1,155.5,0.0
sta1,ap2,1573744208001,98.0,[-66.0],84.6,156.7,0.0
sta1,ap2,1573744208350,98.0,[-66.0],86.1,155.5,0.0
sta1,ap2,1573744208704,98.0,[-66.0],87.3,157.0,0.0
sta1,ap2,1573744209052,98.0,[-66.0],86.1,155.5,0.0
sta1,ap2,1573744209400,98.0,[-66.0],84.6,156.7,0.0
sta1,ap2,1573744209748,98.0,[-65.0],85.8,158.2,0.0
sta1,ap2,1573744210099,98.0,[-66.0],84.6,156.7,0.0
sta1,ap2,1573744210451,98.0,[-65.0],85.8,158.2,0.0
sta1,ap2,1573744210801,98.0,[-64.0],87.0,159.7,0.0
sta1,ap2,1573744211150,98.0,[-63.0],88.2,161.2,0.0
sta1,ap2,1573744211501,98.0,[-62.0],89.4,162.7,0.0
sta1,ap2,1573744211851,98.0,[-63.0],90.9,161.5,0.0
sta1,ap2,1573744212202,98.0,[-62.0],89.4,162.7,0.0
sta1,ap2,1573744212554,98.0,[-63.0],90.9,161.5,0.0
sta1,ap2,1573744212906,98.0,[-62.0],89.4,162.7,0.0
sta1,ap2,1573744213259,98.0,[-63.0],90.9,161.5,0.0
sta1,ap2,1573744213609,98.0,[-63.0],92.4,160.3,0.0
sta1,ap2,1573744213961,98.0,[-64.0],93.9,159.1,0.0
sta1,ap2,1573744214312,98.0,[-63.0],92.4,160.3,0.0
sta1,ap2,1573744214665,98.0,[-64.0],91.2,158.8,0.0
sta1,ap2,1573744215017,98.0,[-65.0],90.0,157.3,0.0
sta1,ap2,1573744215388,98.0,[-66.0],88.8,155.8,0.0
sta1,ap2,1573744215747,98.0,[-67.0],90.3,154.6,0.0
sta1,ap2,1573744216098,98.0,[-67.0],89.1,153.1,0.0
sta1,ap2,1573744216449,98.0,[-67.0],87.6,154.3,0.0
sta1,ap2,1573744216798,98.0,[-67.0],89.1,153.1,0.0
sta1,ap2,1573744217146,98.0,[-67.0],87.6,154.3,0.0
sta1,ap2,1573744217500,98.0,[-66.0],88.8,155.8,0.0
sta1,ap2,1573744217852,98.0,[-67.0],87.6,154.3,0.0
sta1,ap2,1573744218203,98.0,[-66.0],88.8,155.8,0.0
sta1,ap2,1573744218553,98.0,[-66.0],87.3,157.0,0.0
sta1,ap2,1573744218904,98.0,[-66.0],88.8,155.8,0.0
sta1,ap2,1573744219258,98.0,[-66.0],87.3,157.0,0.0
sta1,ap2,1573744219613,98.0,[-65.0],85.8,158.2,0.0
sta1,ap2,1573744219970,98.0,[-64.0],87.0,159.7,0.0
sta1,ap2,1573744220320,98.0,[-63.0],88.2,161.2,0.0
sta1,ap2,1573744220671,98.0,[-64.0],89.7,160.0,0.0
sta1,ap2,1573744221022,98.0,[-63.0],90.9,161.5,0.0
sta1,ap2,1573744221370,98.0,[-64.0],89.7,160.0,0.0
sta1,ap2,1573744221727,98.0,[-63.0],90.9,161.5,0.0
sta1,ap2,1573744222078,98.0,[-61.0],92.1,163.0,0.0
sta1,ap2,1573744222426,98.0,[-60.0],93.3,164.5,0.0
sta1,ap2,1573744222814,98.0,[-62.0],94.8,163.3,0.0
sta1,ap2,1573744223163,98.0,[-62.0],93.6,161.8,0.0
sta1,ap2,1573744223517,98.0,[-63.0],95.1,160.6,0.0
sta1,ap2,1573744223866,98.0,[-62.0],93.6,161.8,0.0
sta1,ap2,1573744224218,98.0,[-63.0],95.1,160.6,0.0
sta1,ap2,1573744224577,98.0,[-62.0],93.6,161.8,0.0
sta1,ap2,1573744224929,98.0,[-63.0],92.4,160.3,0.0
sta1,ap2,1573744225282,98.0,[-63.0],90.9,161.5,0.0
sta1,ap2,1573744225633,98.0,[-64.0],89.7,160.0,0.0
sta1,ap2,1573744225982,98.0,[-64.0],91.2,158.8,0.0
sta1,ap2,1573744226332,98.0,[-63.0],92.4,160.3,0.0
sta1,ap2,1573744226684,98.0,[-64.0],93.9,159.1,0.0
sta1,ap2,1573744227036,98.0,[-65.0],92.7,157.6,0.0
sta1,ap2,1573744227384,98.0,[-64.0],93.9,159.1,0.0
sta1,ap2,1573744227734,98.0,[-63.0],92.4,160.3,0.0
sta1,ap2,1573744228083,98.0,[-62.0],93.6,161.8,0.0
sta1,ap2,1573744228432,98.0,[-61.0],92.1,163.0,0.0
sta1,ap2,1573744228783,98.0,[-63.0],90.9,161.5,0.0
sta1,ap2,1573744229134,98.0,[-62.0],89.4,162.7,0.0
sta1,ap2,1573744229487,98.0,[-60.0],90.6,164.2,0.0
sta1,ap2,1573744229838,98.0,[-62.0],89.4,162.7,0.0
sta1,ap2,1573744230188,98.0,[-60.0],90.6,164.2,0.0
sta1,ap2,1573744230540,98.0,[-62.0],89.4,162.7,0.0
sta1,ap2,1573744230892,98.0,[-63.0],90.9,161.5,0.0
sta1,ap2,1573744231245,98.0,[-64.0],89.7,160.0,0.0
sta1,ap2,1573744231597,98.0,[-63.0],90.9,161.5,0.0
sta1,ap2,1573744231950,98.0,[-61.0],92.1,163.0,0.0
sta1,ap2,1573744232325,98.0,[-63.0],90.9,161.5,0.0
sta1,ap2,1573744232679,98.0,[-61.0],92.1,163.0,0.0
sta1,ap2,1573744233035,98.0,[-60.0],90.6,164.2,0.0
sta1,ap2,1573744233387,98.0,[-62.0],89.4,162.7,0.0
sta1,ap2,1573744233749,98.0,[-60.0],90.6,164.2,0.0
sta1,ap2,1573744234116,98.0,[-62.0],89.4,162.7,0.0
sta1,ap2,1573744234466,98.0,[-63.0],90.9,161.5,0.0
sta1,ap2,1573744234819,98.0,[-63.0],92.4,160.3,0.0
sta1,ap2,1573744235166,98.0,[-63.0],90.9,161.5,0.0
sta1,ap2,1573744235514,98.0,[-63.0],92.4,160.3,0.0
sta1,ap2,1573744235868,98.0,[-63.0],90.9,161.5,0.0
sta1,ap2,1573744236219,98.0,[-64.0],89.7,160.0,0.0
sta1,ap2,1573744236588,98.0,[-65.0],88.5,158.5,0.0
sta1,ap2,1573744236938,98.0,[-64.0],87.0,159.7,0.0
sta1,ap2,1573744237295,98.0,[-63.0],85.5,160.9,0.0
sta1,ap2,1573744237645,98.0,[-63.0],84.0,162.1,0.0
sta1,ap2,1573744237994,98.0,[-63.0],82.5,163.3,0.0
sta1,ap2,1573744238345,98.0,[-61.0],83.7,164.8,0.0
sta1,ap2,1573744238696,98.0,[-63.0],82.5,163.3,0.0
sta1,ap2,1573744239046,98.0,[-62.0],81.0,164.5,0.0
sta1,ap2,1573744239398,98.0,[-62.0],79.5,165.7,0.0
sta1,ap2,1573744239750,98.0,[-64.0],78.3,164.2,0.0
sta1,ap2,1573744240100,98.0,[-64.0],79.8,163.0,0.0
sta1,ap2,1573744240448,98.0,[-62.0],81.0,164.5,0.0
sta1,ap2,1573744240798,98.0,[-64.0],79.8,163.0,0.0
sta1,ap2,1573744241175,98.0,[-64.0],78.3,164.2,0.0
sta1,ap2,1573744241526,98.0,[-64.0],76.8,165.4,0.0
sta1,ap2,1573744241876,98.0,[-64.0],78.3,164.2,0.0
sta1,ap2,1573744242227,98.0,[-62.0],79.5,165.7,0.0
sta1,ap2,1573744242592,98.0,[-61.0],80.7,167.2,0.0
sta1,ap2,1573744242963,98.0,[-62.0],79.5,165.7,0.0
sta1,ap2,1573744243313,98.0,[-61.0],80.7,167.2,0.0
sta1,ap2,1573744243663,98.0,[-62.0],79.5,165.7,0.0
sta1,ap2,1573744244016,98.0,[-61.0],80.7,167.2,0.0
sta1,ap2,1573744244379,98.0,[-61.0],79.2,168.4,0.0
sta1,ap2,1573744244728,98.0,[-61.0],80.7,167.2,0.0
sta1,ap2,1573744245079,98.0,[-59.0],81.9,168.7,0.0
sta1,ap2,1573744245429,98.0,[-59.0],80.4,169.9,0.0
sta1,ap2,1573744245782,98.0,[-59.0],81.9,168.7,0.0
sta1,ap2,1573744246133,98.0,[-61.0],80.7,167.2,0.0
sta1,ap2,1573744246482,98.0,[-62.0],79.5,165.7,0.0
sta1,ap2,1573744246831,98.0,[-64.0],78.3,164.2,0.0
sta1,ap2,1573744247180,98.0,[-64.0],76.8,165.4,0.0
sta1,ap2,1573744247533,98.0,[-65.0],75.6,163.9,0.0
sta1,ap2,1573744247883,98.0,[-65.0],77.1,162.7,0.0
sta1,ap2,1573744248235,98.0,[-65.0],75.6,163.9,0.0
sta1,ap2,1573744248601,98.0,[-65.0],77.1,162.7,0.0
sta1,ap2,1573744248956,98.0,[-64.0],78.3,164.2,0.0
sta1,ap2,1573744249310,98.0,[-64.0],79.8,163.0,0.0
sta1,ap2,1573744249660,98.0,[-64.0],81.3,161.8,0.0
sta1,ap2,1573744250013,98.0,[-65.0],80.1,160.3,0.0
sta1,ap2,1573744250363,98.0,[-66.0],78.9,158.8,0.0
sta1,ap2,1573744250715,98.0,[-67.0],77.7,157.3,0.0
sta1,ap2,1573744251066,98.0,[-66.0],78.9,158.8,0.0
sta1,ap2,1573744251417,98.0,[-67.0],77.7,157.3,0.0
sta1,ap2,1573744251768,98.0,[-66.0],78.9,158.8,0.0
sta1,ap2,1573744252124,98.0,[-67.0],77.7,157.3,0.0
sta1,ap2,1573744252474,98.0,[-67.0],76.2,158.5,0.0
sta1,ap2,1573744252827,98.0,[-67.0],74.7,159.7,0.0
sta1,ap2,1573744253177,98.0,[-67.0],76.2,158.5,0.0
sta1,ap1,1573744253549,97.9,[-68.0],75.0,157.0,0.0
sta1,ap1,1573744253937,97.9,[-69.0],76.5,155.8,0.0
sta1,ap1,1573744254285,97.9,[-68.0],75.0,157.0,0.0
sta1,ap1,1573744254640,97.9,[-68.0],73.8,155.5,0.0
sta1,ap2,1573744255012,97.8,[-68.0],75.3,154.3,0.0
sta1,ap1,1573744255388,97.7,[-68.0],76.5,155.8,0.0
sta1,ap1,1573744255751,97.7,[-70.0],78.0,154.6,0.0
sta1,ap1,1573744256102,97.7,[-69.0],76.5,155.8,0.0
sta1,ap2,1573744256475,97.6,[-68.0],75.3,154.3,0.0
sta1,ap1,1573744256847,97.5,[-69.0],73.8,155.5,0.0
sta1,ap1,1573744257197,97.5,[-67.0],72.3,156.7,0.0
sta1,ap1,1573744257546,97.5,[-66.0],71.1,155.2,0.0
sta1,ap1,1573744257897,97.5,[-65.0],69.9,153.7,0.0
sta1,ap1,1573744258277,97.5,[-64.0],68.7,152.2,0.0
sta1,ap1,1573744258633,97.5,[-65.0],70.2,151.0,0.0
sta1,ap1,1573744258987,97.5,[-66.0],71.4,152.5,0.0
sta1,ap1,1573744259336,97.5,[-65.0],70.2,151.0,0.0
sta1,ap1,1573744259686,97.5,[-64.0],69.0,149.5,0.0
sta1,ap1,1573744260035,97.5,[-65.0],70.2,151.0,0.0
sta1,ap1,1573744260386,97.5,[-66.0],71.4,152.5,0.0
sta1,ap1,1573744260738,97.5,[-67.0],72.9,151.3,0.0
sta1,ap1,1573744261121,97.5,[-66.0],71.7,149.8,0.0
sta1,ap1,1573744261472,97.5,[-65.0],70.2,151.0,0.0
sta1,ap1,1573744261821,97.5,[-66.0],71.4,152.5,0.0
sta1,ap1,1573744262171,97.5,[-67.0],72.6,154.0,0.0
sta1,ap1,1573744262525,97.5,[-68.0],73.8,155.5,0.0
sta1,ap1,1573744262881,97.5,[-68.0],75.0,157.0,0.0
sta1,ap2,1573744263257,97.4,[-69.0],76.2,158.5,0.0
sta1,ap2,1573744263611,97.4,[-66.0],77.4,160.0,0.0
sta1,ap2,1573744263963,97.4,[-66.0],75.9,161.2,0.0
sta1,ap2,1573744264312,97.4,[-66.0],77.4,160.0,0.0
sta1,ap2,1573744264663,97.4,[-66.0],78.9,158.8,0.0
sta1,ap2,1573744265014,97.4,[-66.0],77.4,160.0,0.0
sta1,ap2,1573744265363,97.4,[-66.0],78.9,158.8,0.0
sta1,ap2,1573744265714,97.4,[-66.0],80.4,157.6,0.0
sta1,ap1,1573744266088,97.3,[-67.0],79.2,156.1,0.0
sta1,ap1,1573744266439,97.3,[-70.0],78.0,154.6,0.0
sta1,ap1,1573744266789,97.3,[-70.0],79.2,156.1,0.0
sta1,ap1,1573744267138,97.3,[-71.0],80.7,154.9,0.0
sta1,ap2,1573744267535,97.2,[-71.0],81.9,156.4,0.0
sta1,ap1,1573744267907,97.1,[-68.0],80.7,154.9,0.0
sta1,ap2,1573744268279,97.0,[-71.0],81.9,156.4,0.0
sta1,ap1,1573744268653,96.9,[-67.0],83.4,155.2,0.0
sta1,ap2,1573744269028,96.8,[-73.0],84.6,156.7,0.0
sta1,ap2,1573744269380,96.8,[-66.0],83.1,157.9,0.0
sta1,ap2,1573744269739,96.8,[-66.0],84.6,156.7,0.0
sta1,ap2,1573744270089,96.8,[-66.0],83.1,157.9,0.0
sta1,ap2,1573744270440,96.8,[-65.0],84.3,159.4,0.0
sta1,ap2,1573744270795,96.8,[-63.0],85.5,160.9,0.0
sta1,ap2,1573744271147,96.8,[-64.0],87.0,159.7,0.0
sta1,ap2,1573744271501,96.8,[-63.0],88.2,161.2,0.0
sta1,ap2,1573744271852,96.8,[-62.0],89.4,162.7,0.0
sta1,ap2,1573744272217,96.8,[-63.0],90.9,161.5,0.0
sta1,ap2,1573744272566,96.8,[-62.0],89.4,162.7,0.0
sta1,ap2,1573744272920,96.8,[-61.0],87.9,163.9,0.0
sta1,ap2,1573744273277,96.8,[-60.0],89.1,165.4,0.0
sta1,ap2,1573744273664,96.8,[-59.0],87.6,166.6,0.0
sta1,ap2,1573744274015,96.8,[-60.0],86.4,165.1,0.0
sta1,ap2,1573744274366,96.8,[-62.0],85.2,163.6,0.0
sta1,ap2,1573744274721,96.8,[-61.0],83.7,164.8,0.0
sta1,ap2,1573744275071,96.8,[-61.0],82.2,166.0,0.0
sta1,ap2,1573744275422,96.8,[-62.0],81.0,164.5,0.0
sta1,ap2,1573744275781,96.8,[-63.0],82.5,163.3,0.0
sta1,ap2,1573744276129,96.8,[-61.0],83.7,164.8,0.0
sta1,ap2,1573744276480,96.8,[-61.0],82.2,166.0,0.0
sta1,ap2,1573744276829,96.8,[-59.0],83.4,167.5,0.0
sta1,ap2,1573744277181,96.8,[-58.0],84.6,169.0,0.0
sta1,ap2,1573744277534,96.8,[-58.0],83.1,170.2,0.0
sta1,ap2,1573744277885,96.8,[-58.0],84.6,169.0,0.0
sta1,ap2,1573744278268,96.8,[-56.0],85.8,170.5,0.0
sta1,ap2,1573744278617,96.8,[-56.0],87.3,169.3,0.0
sta1,ap2,1573744278997,96.8,[-54.0],88.5,170.8,0.0
sta1,ap2,1573744279354,96.8,[-55.0],90.0,169.6,0.0
sta1,ap2,1573744279703,96.8,[-57.0],88.8,168.1,0.0
sta1,ap2,1573744280056,96.8,[-59.0],87.6,166.6,0.0
sta1,ap2,1573744280405,96.8,[-58.0],86.1,167.8,0.0
sta1,ap2,1573744280756,96.8,[-58.0],84.6,169.0,0.0
sta1,ap2,1573744281105,96.8,[-59.0],83.4,167.5,0.0
sta1,ap2,1573744281457,96.8,[-59.0],81.9,168.7,0.0
sta1,ap2,1573744281806,96.8,[-59.0],83.4,167.5,0.0
sta1,ap2,1573744282177,96.8,[-60.0],84.9,166.3,0.0
sta1,ap2,1573744282526,96.8,[-60.0],86.4,165.1,0.0
sta1,ap2,1573744282874,96.8,[-59.0],87.6,166.6,0.0
sta1,ap2,1573744283227,96.8,[-58.0],86.1,167.8,0.0
sta1,ap2,1573744283581,96.8,[-60.0],84.9,166.3,0.0
sta1,ap2,1573744283934,96.8,[-61.0],83.7,164.8,0.0
sta1,ap2,1573744284287,96.8,[-62.0],85.2,163.6,0.0
sta1,ap2,1573744284650,96.8,[-63.0],84.0,162.1,0.0
sta1,ap2,1573744284998,96.8,[-63.0],82.5,163.3,0.0
sta1,ap2,1573744285367,96.8,[-63.0],84.0,162.1,0.0
sta1,ap2,1573744285740,96.8,[-63.0],85.5,160.9,0.0
sta1,ap2,1573744286092,96.8,[-64.0],87.0,159.7,0.0
sta1,ap2,1573744286444,96.8,[-63.0],85.5,160.9,0.0
sta1,ap2,1573744286796,96.8,[-62.0],86.7,162.4,0.0
sta1,ap2,1573744287145,96.8,[-63.0],85.5,160.9,0.0
sta1,ap2,1573744287495,96.8,[-65.0],84.3,159.4,0.0
sta1,ap2,1573744287846,96.8,[-65.0],85.8,158.2,0.0
sta1,ap2,1573744288194,96.8,[-65.0],84.3,159.4,0.0
sta1,ap2,1573744288546,96.8,[-66.0],83.1,157.9,0.0
sta1,ap2,1573744288897,96.8,[-66.0],84.6,156.7,0.0
sta1,ap2,1573744289246,96.8,[-66.0],86.1,155.5,0.0
sta1,ap2,1573744289598,96.8,[-67.0],87.6,154.3,0.0
sta1,ap2,1573744289953,96.8,[-66.0],86.1,155.5,0.0
sta1,ap1,1573744290325,96.7,[-67.0],84.9,154.0,0.0
sta1,ap2,1573744290705,96.6,[-73.0],86.1,155.5,0.0
sta1,ap2,1573744291061,96.6,[-66.0],87.3,157.0,0.0
sta1,ap2,1573744291411,96.6,[-66.0],88.8,155.8,0.0
sta1,ap2,1573744291793,96.6,[-65.0],90.0,157.3,0.0
sta1,ap2,1573744292148,96.6,[-66.0],91.5,156.1,0.0
sta1,ap2,1573744292499,96.6,[-65.0],90.0,157.3,0.0
sta1,ap2,1573744292854,96.6,[-65.0],88.5,158.5,0.0
sta1,ap2,1573744293213,96.6,[-64.0],89.7,160.0,0.0
sta1,ap2,1573744293566,96.6,[-64.0],91.2,158.8,0.0
sta1,ap2,1573744293918,96.6,[-65.0],92.7,157.6,0.0
sta1,ap2,1573744294268,96.6,[-64.0],91.2,158.8,0.0
sta1,ap2,1573744294620,96.6,[-64.0],89.7,160.0,0.0
sta1,ap2,1573744294969,96.6,[-64.0],91.2,158.8,0.0
sta1,ap2,1573744295319,96.6,[-64.0],89.7,160.0,0.0
sta1,ap2,1573744295670,96.6,[-64.0],91.2,158.8,0.0
sta1,ap2,1573744296021,96.6,[-63.0],92.4,160.3,0.0
sta1,ap2,1573744296375,96.6,[-63.0],90.9,161.5,0.0
sta1,ap2,1573744296729,96.6,[-64.0],89.7,160.0,0.0
sta1,ap2,1573744297078,96.6,[-65.0],88.5,158.5,0.0
sta1,ap2,1573744297428,96.6,[-65.0],90.0,157.3,0.0
sta1,ap2,1573744297779,96.6,[-64.0],91.2,158.8,0.0
sta1,ap2,1573744298131,96.6,[-64.0],89.7,160.0,0.0
sta1,ap2,1573744298484,96.6,[-64.0],91.2,158.8,0.0
sta1,ap2,1573744298835,96.6,[-65.0],92.7,157.6,0.0
sta1,ap2,1573744299185,96.6,[-64.0],93.9,159.1,0.0
sta1,ap2,1573744299536,96.6,[-65.0],95.4,157.9,0.0
sta1,ap2,1573744299898,96.6,[-66.0],94.2,156.4,0.0
sta1,ap2,1573744300249,96.6,[-65.0],95.4,157.9,0.0
sta1,ap2,1573744300598,96.6,[-66.0],94.2,156.4,0.0
sta1,ap2,1573744300951,96.6,[-67.0],95.7,155.2,0.0
sta1,ap2,1573744301322,96.6,[-66.0],94.2,156.4,0.0
sta1,ap2,1573744301680,96.6,[-65.0],92.7,157.6,0.0
sta1,ap2,1573744302031,96.6,[-66.0],94.2,156.4,0.0
sta1,ap2,1573744302401,96.6,[-67.0],93.0,154.9,0.0
sta1,ap2,1573744302751,96.6,[-67.0],91.8,153.4,0.0
sta1,ap2,1573744303100,96.6,[-68.0],90.6,151.9,0.0
sta1,ap2,1573744303453,96.6,[-69.0],89.4,150.4,0.0
sta1,ap2,1573744303807,96.6,[-68.0],87.9,151.6,0.0
sta1,ap2,1573744304156,96.6,[-69.0],89.4,150.4,0.0
sta1,ap1,1573744304529,96.5,[-69.0],90.9,149.2,0.0
sta1,ap2,1573744304914,96.4,[-74.0],89.7,147.7,0.0
sta1,ap1,1573744305286,96.3,[-69.0],90.9,149.2,0.0
sta1,ap2,1573744305659,96.2,[-75.0],92.4,148.0,0.0
sta1,ap1,1573744306032,96.1,[-69.0],90.9,149.2,0.0
sta1,ap2,1573744306406,96.0,[-75.0],92.1,150.7,0.0
sta1,ap2,1573744306755,96.0,[-68.0],90.6,151.9,0.0
sta1,ap2,1573744307107,96.0,[-69.0],89.4,150.4,0.0
sta1,ap1,1573744307478,95.9,[-69.0],90.9,149.2,0.0
sta1,ap2,1573744307849,95.8,[-74.0],89.4,150.4,0.0
sta1,ap2,1573744308200,95.8,[-68.0],90.6,151.9,0.0
sta1,ap2,1573744308549,95.8,[-69.0],89.4,150.4,0.0
sta1,ap2,1573744308899,95.8,[-68.0],90.6,151.9,0.0
sta1,ap2,1573744309247,95.8,[-69.0],92.1,150.7,0.0
sta1,ap2,1573744309598,95.8,[-68.0],90.6,151.9,0.0
sta1,ap2,1573744309951,95.8,[-67.0],89.1,153.1,0.0
sta1,ap2,1573744310305,95.8,[-68.0],87.9,151.6,0.0
sta1,ap2,1573744310656,95.8,[-68.0],86.4,152.8,0.0
sta1,ap1,1573744311031,95.7,[-68.0],85.2,151.3,0.0
sta1,ap1,1573744311415,95.7,[-72.0],84.0,149.8,0.0
sta1,ap1,1573744311800,95.7,[-71.0],82.5,151.0,0.0
sta1,ap1,1573744312151,95.7,[-72.0],83.7,152.5,0.0
sta1,ap1,1573744312502,95.7,[-71.0],82.2,153.7,0.0
sta1,ap1,1573744312859,95.7,[-71.0],80.7,154.9,0.0
sta1,ap1,1573744313209,95.7,[-70.0],79.5,153.4,0.0
sta1,ap1,1573744313561,95.7,[-71.0],81.0,152.2,0.0
sta1,ap1,1573744313912,95.7,[-71.0],82.5,151.0,0.0
sta1,ap1,1573744314262,95.7,[-71.0],81.0,152.2,0.0
sta1,ap1,1573744314617,95.7,[-71.0],82.5,151.0,0.0
sta1,ap1,1573744314971,95.7,[-71.0],81.3,149.5,0.0
sta1,ap1,1573744315322,95.7,[-72.0],82.8,148.3,0.0
sta1,ap1,1573744315672,95.7,[-71.0],81.3,149.5,0.0
sta1,ap1,1573744316023,95.7,[-72.0],82.8,148.3,0.0
sta1,ap1,1573744316374,95.7,[-71.0],81.3,149.5,0.0
sta1,ap1,1573744316727,95.7,[-70.0],79.8,150.7,0.0
sta1,ap1,1573744317075,95.7,[-71.0],81.3,149.5,0.0
sta1,ap1,1573744317426,95.7,[-71.0],82.5,151.0,0.0
sta1,ap1,1573744317774,95.7,[-72.0],83.7,152.5,0.0
sta1,ap1,1573744318124,95.7,[-71.0],82.2,153.7,0.0
sta1,ap1,1573744318476,95.7,[-72.0],83.7,152.5,0.0
sta1,ap1,1573744318831,95.7,[-71.0],82.5,151.0,0.0
sta1,ap1,1573744319181,95.7,[-72.0],84.0,149.8,0.0
sta1,ap1,1573744319534,95.7,[-73.0],85.5,148.6,0.0
sta1,ap1,1573744319885,95.7,[-72.0],84.3,147.1,0.0
sta1,ap1,1573744320249,95.7,[-73.0],85.5,148.6,0.0
sta1,ap1,1573744320613,95.7,[-72.0],84.0,149.8,0.0
sta1,ap1,1573744320964,95.7,[-71.0],82.5,151.0,0.0
sta1,ap1,1573744321319,95.7,[-72.0],83.7,152.5,0.0
sta1,ap1,1573744321673,95.7,[-72.0],84.9,154.0,0.0
sta1,ap1,1573744322024,95.7,[-72.0],83.4,155.2,0.0
sta1,ap1,1573744322374,95.7,[-71.0],82.2,153.7,0.0
sta1,ap1,1573744322726,95.7,[-71.0],81.0,152.2,0.0
sta1,ap1,1573744323087,95.7,[-70.0],79.8,150.7,0.0
sta1,ap1,1573744323441,95.7,[-70.0],78.6,149.2,0.0
sta1,ap1,1573744323796,95.7,[-69.0],77.1,150.4,0.0
sta1,ap1,1573744324145,95.7,[-70.0],78.6,149.2,0.0
sta1,ap1,1573744324497,95.7,[-69.0],77.4,147.7,0.0
sta1,ap1,1573744324850,95.7,[-68.0],75.9,148.9,0.0
sta1,ap1,1573744325198,95.7,[-69.0],77.4,147.7,0.0
sta1,ap1,1573744325547,95.7,[-70.0],78.9,146.5,0.0
