0 99.9928375482,150.378414767,0.0 94.9921047321,170.628252386,0.0 129.993683786,125.502601909,0.0 114.992104732,140.628252386,0.0 50.48,115.33,0.00 90.00,100.80,0.00 80.24,149.79,0.00 129.46,140.00,0.00 91.2,141.5,0.0 88.5,141.2,0.0 91.2,141.5,0.0 88.5,151.2,0.0
1 99.9713604528,150.756287459,0.0 94.9684239152,171.256107954,0.0 129.974739132,126.004886364,0.0 114.968423915,141.256107954,0.0 50.96,115.66,0.00 90.00,101.60,0.00 80.48,149.58,0.00 128.92,140.00,0.00 92.4,143.0,0.0 90.0,140.0,0.0 89.7,142.7,0.0 90.0,150.0,0.0
2 99.9355994796,151.133076776,0.0 94.9289725065,171.883170138,0.0 129.943178005,126.506536111,0.0 114.928972507,141.883170138,0.0 51.44,115.99,0.00 90.00,102.40,0.00 80.72,149.37,0.00 128.38,140.00,0.00 93.6,144.5,0.0 88.5,141.2,0.0 88.2,143.9,0.0 88.5,151.2,0.0
3 99.8856058559,151.508242972,0.0 94.8737754245,172.509042871,0.0 129.89902034,127.007234297,0.0 114.873775425,142.509042871,0.0 51.92,116.32,0.00 90.00,103.20,0.00 80.96,149.16,0.00 127.84,140.00,0.00 94.8,146.0,0.0 89.7,142.7,0.0 87.0,142.4,0.0 87.0,152.4,0.0
4 99.821451197,151.881248624,0.0 94.8028675329,173.133330839,0.0 129.842294026,127.506664671,0.0 114.802867533,143.133330839,0.0 52.40,116.65,0.00 90.00,104.00,0.00 81.20,148.95,0.00 127.31,140.00,0.00 93.6,144.5,0.0 90.9,144.2,0.0 85.5,143.6,0.0 88.5,151.2,0.0
5 99.7432274039,152.251559405,0.0 94.7162936184,173.755639728,0.0 129.773034895,128.004511782,0.0 114.716293618,143.755639728,0.0 52.87,116.98,0.00 90.00,104.80,0.00 81.44,148.74,0.00 126.77,140.00,0.00 92.1,145.7,0.0 89.4,145.4,0.0 86.7,145.1,0.0 87.3,149.7,0.0
6 99.6510465314,152.61864485,0.0 94.6141083632,174.375576474,0.0 129.691286691,128.50046118,0.0 114.614108363,144.375576474,0.0 53.35,117.31,0.00 90.00,105.60,0.00 81.68,148.53,0.00 126.23,140.00,0.00 90.6,146.9,0.0 90.9,144.2,0.0 85.2,146.3,0.0 86.1,148.2,0.0
7 99.5450406277,152.98197911,0.0 94.4963763096,174.992749513,0.0 129.597101048,128.99419961,0.0 114.49637631,144.992749513,0.0 53.83,117.63,0.00 90.00,106.40,0.00 81.92,148.32,0.00 125.69,140.00,0.00 92.1,145.7,0.0 92.1,145.7,0.0 86.7,145.1,0.0 84.6,149.4,0.0
8 99.4253615453,153.341041715,0.0 94.3631718197,175.606769024,0.0 129.490537456,129.485415219,0.0 114.36317182,145.606769024,0.0 54.31,117.96,0.00 90.00,107.20,0.00 82.16,148.11,0.00 125.15,140.00,0.00 93.3,147.2,0.0 93.3,147.2,0.0 87.9,146.6,0.0 86.1,148.2,0.0
9 99.2921807232,153.695318309,0.0 94.2145790282,176.217247179,0.0 129.371663223,129.973797743,0.0 114.214579028,146.217247179,0.0 54.79,118.29,0.00 90.00,108.00,0.00 82.40,147.90,0.00 124.61,140.00,0.00 92.1,145.7,0.0 91.8,148.4,0.0 89.4,145.4,0.0 84.9,146.7,0.0
10 99.1456889417,154.044301396,0.0 94.0506917897,176.823798388,0.0 129.240553432,130.45903871,0.0 114.05069179,146.823798388,0.0 55.27,118.62,0.00 90.00,108.80,0.00 82.63,147.69,0.00 124.07,140.00,0.00 90.9,144.2,0.0 90.3,149.6,0.0 87.9,146.6,0.0 86.1,148.2,0.0
11 98.9860960489,154.38749106,0.0 93.8716136187,177.426039539,0.0 129.097290895,130.940831632,0.0 113.871613619,147.426039539,0.0 55.75,118.95,0.00 90.00,109.60,0.00 82.87,147.49,0.00 123.53,140.00,0.00 92.1,145.7,0.0 89.1,148.1,0.0 89.1,148.1,0.0 87.3,149.7,0.0
12 98.8136306601,154.724395685,0.0 93.6774576249,178.023590245,0.0 128.9419661,131.418872196,0.0 113.677457625,148.023590245,0.0 56.23,119.28,0.00 90.00,110.40,0.00 83.11,147.28,0.00 122.99,140.00,0.00 93.3,147.2,0.0 90.3,149.6,0.0 90.6,146.9,0.0 88.8,148.5,0.0
13 98.6285398303,155.054532659,0.0 93.4683464413,178.616073079,0.0 128.774677153,131.892858463,0.0 113.468346441,148.616073079,0.0 56.71,119.61,0.00 90.00,111.20,0.00 83.35,147.07,0.00 122.46,140.00,0.00 91.8,148.4,0.0 91.8,148.4,0.0 89.4,145.4,0.0 90.0,150.0,0.0
14 98.4310887003,155.377429063,0.0 93.2444121472,179.203113817,0.0 128.595529718,132.362491054,0.0 113.244412147,149.203113817,0.0 57.19,119.94,0.00 90.00,112.00,0.00 83.59,146.86,0.00 121.92,140.00,0.00 90.3,149.6,0.0 90.6,146.9,0.0 90.9,144.2,0.0 88.5,151.2,0.0
15 98.2215601169,155.692622352,0.0 93.0057961841,179.784341671,0.0 128.404636947,132.827473337,0.0 113.005796184,149.784341671,0.0 57.66,120.27,0.00 90.00,112.80,0.00 83.83,146.65,0.00 121.38,140.00,0.00 89.1,148.1,0.0 91.8,148.4,0.0 89.4,145.4,0.0 87.0,152.4,0.0
16 98.0002542279,155.999661014,0.0 92.7526492671,180.359389525,0.0 128.202119414,133.28751162,0.0 112.752649267,150.359389525,0.0 58.14,120.60,0.00 90.00,113.60,0.00 84.07,146.44,0.00 120.84,140.00,0.00 87.9,146.6,0.0 90.3,149.6,0.0 90.6,146.9,0.0 88.2,153.9,0.0
17 97.7674880518,156.29810522,0.0 92.4851312892,180.927894166,0.0 127.988105031,133.742315333,0.0 112.485131289,150.927894166,0.0 58.62,120.93,0.00 90.00,114.40,0.00 84.31,146.23,0.00 120.30,140.00,0.00 86.7,145.1,0.0 88.8,150.8,0.0 92.1,145.7,0.0 87.0,152.4,0.0
18 97.5235950238,156.587527451,0.0 92.2034112203,181.489496516,0.0 127.762728976,134.191597212,0.0 112.20341122,151.489496516,0.0 59.10,121.26,0.00 90.00,115.20,0.00 84.55,146.02,0.00 119.76,140.00,0.00 85.2,146.3,0.0 90.0,152.3,0.0 93.6,144.5,0.0 88.5,151.2,0.0
19 97.2689245184,156.867513112,0.0 91.9076670011,182.043841853,0.0 127.526133601,134.635073482,0.0 111.907667001,152.043841853,0.0 59.58,121.59,0.00 90.00,116.00,0.00 84.79,145.81,0.00 119.22,140.00,0.00 86.7,145.1,0.0 88.5,153.5,0.0 92.4,143.0,0.0 87.0,152.4,0.0
