0 88.8,123.5,0.0 
1 90.3,122.3,0.0 
2 91.8,121.1,0.0 
3 93.0,122.6,0.0 
4 91.8,121.1,0.0 
5 93.3,119.9,0.0 
6 91.8,121.1,0.0 
7 93.0,122.6,0.0 
8 94.5,121.4,0.0 
9 93.0,122.6,0.0 
10 91.8,121.1,0.0 
11 90.6,119.6,0.0 
12 89.1,120.8,0.0 
13 87.9,119.3,0.0 
14 86.7,117.8,0.0 
15 87.9,119.3,0.0 
16 86.4,120.5,0.0 
17 87.6,122.0,0.0 
18 89.1,120.8,0.0 
19 90.3,122.3,0.0 
20 88.8,123.5,0.0 
21 87.6,122.0,0.0 
22 89.1,120.8,0.0 
23 87.6,122.0,0.0 
24 88.8,123.5,0.0 
25 90.3,122.3,0.0 
26 88.8,123.5,0.0 
27 87.6,122.0,0.0 
28 86.4,120.5,0.0 
29 84.9,121.7,0.0 
30 86.1,123.2,0.0 
31 84.6,124.4,0.0 
32 86.1,123.2,0.0 
33 84.6,124.4,0.0 
34 85.8,125.9,0.0 
35 84.6,124.4,0.0 
36 86.1,123.2,0.0 
37 87.6,122.0,0.0 
38 88.8,123.5,0.0 
39 87.6,122.0,0.0 
40 86.4,120.5,0.0 
41 84.9,121.7,0.0 
42 83.4,122.9,0.0 
43 81.9,124.1,0.0 
44 83.4,122.9,0.0 
45 84.9,121.7,0.0 
46 86.1,123.2,0.0 
47 84.9,121.7,0.0 
48 86.1,123.2,0.0 
49 84.6,124.4,0.0 
50 85.8,125.9,0.0 
51 84.3,127.1,0.0 
52 85.5,128.6,0.0 
53 86.7,130.1,0.0 
54 85.2,131.3,0.0 
55 83.7,132.5,0.0 
56 82.5,131.0,0.0 
57 83.7,132.5,0.0 
58 82.5,131.0,0.0 
59 84.0,129.8,0.0 
60 85.5,128.6,0.0 
61 86.7,130.1,0.0 
62 85.2,131.3,0.0 
63 86.7,130.1,0.0 
64 87.9,131.6,0.0 
65 86.7,130.1,0.0 
66 85.2,131.3,0.0 
67 83.7,132.5,0.0 
68 84.9,134.0,0.0 
69 86.4,132.8,0.0 
70 84.9,134.0,0.0 
71 83.7,132.5,0.0 
72 85.2,131.3,0.0 
73 83.7,132.5,0.0 
74 82.5,131.0,0.0 
75 81.0,132.2,0.0 
76 82.2,133.7,0.0 
77 81.0,132.2,0.0 
78 82.2,133.7,0.0 
79 83.7,132.5,0.0 
80 84.9,134.0,0.0 
81 86.1,135.5,0.0 
82 87.6,134.3,0.0 
83 86.4,132.8,0.0 
84 84.9,134.0,0.0 
85 83.7,132.5,0.0 
86 85.2,131.3,0.0 
87 86.7,130.1,0.0 
88 85.2,131.3,0.0 
89 83.7,132.5,0.0 
90 84.9,134.0,0.0 
91 86.4,132.8,0.0 
92 85.2,131.3,0.0 
93 86.7,130.1,0.0 
94 85.2,131.3,0.0 
95 86.4,132.8,0.0 
96 85.2,131.3,0.0 
97 86.4,132.8,0.0 
98 84.9,134.0,0.0 
99 86.1,135.5,0.0 
100 87.3,137.0,0.0 
101 88.5,138.5,0.0 
102 89.7,140.0,0.0 
103 88.5,138.5,0.0 
104 90.0,137.3,0.0 
105 88.8,135.8,0.0 
106 87.3,137.0,0.0 
107 88.5,138.5,0.0 
108 87.3,137.0,0.0 
109 88.5,138.5,0.0 
110 87.0,139.7,0.0 
111 85.8,138.2,0.0 
112 87.0,139.7,0.0 
113 88.5,138.5,0.0 
114 87.0,139.7,0.0 
115 85.8,138.2,0.0 
116 84.3,139.4,0.0 
117 85.8,138.2,0.0 
118 87.0,139.7,0.0 
119 85.5,140.9,0.0 
120 84.3,139.4,0.0 
121 85.8,138.2,0.0 
122 87.3,137.0,0.0 
123 86.1,135.5,0.0 
124 87.3,137.0,0.0 
125 86.1,135.5,0.0 
126 87.6,134.3,0.0 
127 86.1,135.5,0.0 
128 84.9,134.0,0.0 
129 86.1,135.5,0.0 
130 87.6,134.3,0.0 
131 88.8,135.8,0.0 
132 87.6,134.3,0.0 
133 89.1,133.1,0.0 
134 87.9,131.6,0.0 
135 86.4,132.8,0.0 
136 84.9,134.0,0.0 
137 83.7,132.5,0.0 
138 82.2,133.7,0.0 
139 83.7,132.5,0.0 
140 84.9,134.0,0.0 
141 86.1,135.5,0.0 
142 87.6,134.3,0.0 
143 88.8,135.8,0.0 
144 87.6,134.3,0.0 
145 86.4,132.8,0.0 
146 87.9,131.6,0.0 
147 89.4,130.4,0.0 
148 87.9,131.6,0.0 
149 89.1,133.1,0.0 
150 87.9,131.6,0.0 
151 89.4,130.4,0.0 
152 90.9,129.2,0.0 
153 89.7,127.7,0.0 
154 91.2,126.5,0.0 
155 92.7,125.3,0.0 
156 93.9,126.8,0.0 
157 95.1,128.3,0.0 
158 93.6,129.5,0.0 
159 95.1,128.3,0.0 
160 96.3,129.8,0.0 
161 95.1,128.3,0.0 
162 93.9,126.8,0.0 
163 92.4,128.0,0.0 
164 91.2,126.5,0.0 
165 92.7,125.3,0.0 
166 91.2,126.5,0.0 
167 92.7,125.3,0.0 
168 91.2,126.5,0.0 
169 92.7,125.3,0.0 
170 93.9,126.8,0.0 
171 92.4,128.0,0.0 
172 93.6,129.5,0.0 
173 94.8,131.0,0.0 
174 96.3,129.8,0.0 
175 97.5,131.3,0.0 
176 96.3,129.8,0.0 
177 97.8,128.6,0.0 
178 99.3,127.4,0.0 
179 98.1,125.9,0.0 
180 96.9,124.4,0.0 
181 95.4,125.6,0.0 
182 96.6,127.1,0.0 
183 97.8,128.6,0.0 
184 96.3,129.8,0.0 
185 95.1,128.3,0.0 
186 93.6,129.5,0.0 
187 94.8,131.0,0.0 
188 93.6,129.5,0.0 
189 92.1,130.7,0.0 
190 90.6,131.9,0.0 
191 91.8,133.4,0.0 
192 90.3,134.6,0.0 
193 88.8,135.8,0.0 
194 90.3,134.6,0.0 
195 91.5,136.1,0.0 
196 90.0,137.3,0.0 
197 91.2,138.8,0.0 
198 90.0,137.3,0.0 
199 88.8,135.8,0.0 
200 90.0,137.3,0.0 
201 91.2,138.8,0.0 
202 90.0,137.3,0.0 
203 88.5,138.5,0.0 
204 89.7,140.0,0.0 
205 91.2,138.8,0.0 
206 92.4,140.3,0.0 
207 93.6,141.8,0.0 
208 92.1,143.0,0.0 
209 93.6,141.8,0.0 
210 92.4,140.3,0.0 
211 91.2,138.8,0.0 
212 90.0,137.3,0.0 
213 88.5,138.5,0.0 
214 90.0,137.3,0.0 
215 88.8,135.8,0.0 
216 87.6,134.3,0.0 
217 86.4,132.8,0.0 
218 84.9,134.0,0.0 
219 86.1,135.5,0.0 
220 87.3,137.0,0.0 
221 86.1,135.5,0.0 
222 84.9,134.0,0.0 
223 83.7,132.5,0.0 
224 85.2,131.3,0.0 
225 84.0,129.8,0.0 
226 82.8,128.3,0.0 
227 84.3,127.1,0.0 
228 83.1,125.6,0.0 
229 81.9,124.1,0.0 
230 80.4,125.3,0.0 
231 81.9,124.1,0.0 
232 80.4,125.3,0.0 
233 81.6,126.8,0.0 
234 83.1,125.6,0.0 
235 81.9,124.1,0.0 
236 83.4,122.9,0.0 
237 84.9,121.7,0.0 
238 83.7,120.2,0.0 
239 84.9,121.7,0.0 
240 83.7,120.2,0.0 
241 84.9,121.7,0.0 
242 83.7,120.2,0.0 
243 82.2,121.4,0.0 
244 83.7,120.2,0.0 
245 84.9,121.7,0.0 
246 83.4,122.9,0.0 
247 84.6,124.4,0.0 
248 85.8,125.9,0.0 
249 87.3,124.7,0.0 
250 88.8,123.5,0.0 
251 90.3,122.3,0.0 
252 91.5,123.8,0.0 
253 92.7,125.3,0.0 
254 93.9,126.8,0.0 
255 95.1,128.3,0.0 
256 93.6,129.5,0.0 
257 94.8,131.0,0.0 
258 93.6,129.5,0.0 
259 92.4,128.0,0.0 
260 90.9,129.2,0.0 
261 89.4,130.4,0.0 
262 87.9,131.6,0.0 
263 89.4,130.4,0.0 
264 87.9,131.6,0.0 
265 89.1,133.1,0.0 
266 87.9,131.6,0.0 
267 89.4,130.4,0.0 
268 90.6,131.9,0.0 
269 89.4,130.4,0.0 
270 88.2,128.9,0.0 
271 89.4,130.4,0.0 
272 90.6,131.9,0.0 
273 89.4,130.4,0.0 
274 87.9,131.6,0.0 
275 86.4,132.8,0.0 
276 84.9,134.0,0.0 
277 86.4,132.8,0.0 
278 84.9,134.0,0.0 
279 86.1,135.5,0.0 
280 87.3,137.0,0.0 
281 88.8,135.8,0.0 
282 87.6,134.3,0.0 
283 88.8,135.8,0.0 
284 90.3,134.6,0.0 
285 91.5,136.1,0.0 
286 90.3,134.6,0.0 
287 91.8,133.4,0.0 
288 93.3,132.2,0.0 
289 94.5,133.7,0.0 
290 95.7,135.2,0.0 
291 96.9,136.7,0.0 
292 98.1,138.2,0.0 
293 96.6,139.4,0.0 
294 95.4,137.9,0.0 
295 94.2,136.4,0.0 
296 93.0,134.9,0.0 
297 91.8,133.4,0.0 
298 93.3,132.2,0.0 
299 92.1,130.7,0.0 
300 90.9,129.2,0.0 
301 92.4,128.0,0.0 
302 91.2,126.5,0.0 
303 89.7,127.7,0.0 
304 90.9,129.2,0.0 
305 92.4,128.0,0.0 
306 91.2,126.5,0.0 
307 90.0,125.0,0.0 
308 91.5,123.8,0.0 
309 93.0,122.6,0.0 
310 91.5,123.8,0.0 
311 93.0,122.6,0.0 
312 94.5,121.4,0.0 
313 95.7,122.9,0.0 
314 96.9,124.4,0.0 
315 98.4,123.2,0.0 
316 96.9,124.4,0.0 
317 95.4,125.6,0.0 
318 93.9,126.8,0.0 
319 92.4,128.0,0.0 
320 91.2,126.5,0.0 
321 90.0,125.0,0.0 
322 91.2,126.5,0.0 
323 92.7,125.3,0.0 
324 93.9,126.8,0.0 
325 92.4,128.0,0.0 
326 93.6,129.5,0.0 
327 95.1,128.3,0.0 
328 93.9,126.8,0.0 
329 92.7,125.3,0.0 
330 93.9,126.8,0.0 
331 92.4,128.0,0.0 
332 90.9,129.2,0.0 
333 92.1,130.7,0.0 
334 93.6,129.5,0.0 
335 92.1,130.7,0.0 
336 90.9,129.2,0.0 
337 89.4,130.4,0.0 
338 90.6,131.9,0.0 
339 92.1,130.7,0.0 
340 90.9,129.2,0.0 
341 92.4,128.0,0.0 
342 91.2,126.5,0.0 
343 92.7,125.3,0.0 
344 94.2,124.1,0.0 
345 92.7,125.3,0.0 
346 91.5,123.8,0.0 
347 93.0,122.6,0.0 
348 91.8,121.1,0.0 
349 90.3,122.3,0.0 
350 91.5,123.8,0.0 
351 90.0,125.0,0.0 
352 91.5,123.8,0.0 
353 90.3,122.3,0.0 
354 88.8,123.5,0.0 
355 90.3,122.3,0.0 
356 91.8,121.1,0.0 
357 93.0,122.6,0.0 
358 94.5,121.4,0.0 
359 96.0,120.2,0.0 
360 97.5,119.0,0.0 
361 96.3,117.5,0.0 
362 95.1,116.0,0.0 
363 96.3,117.5,0.0 
364 95.1,116.0,0.0 
365 96.6,114.8,0.0 
366 97.8,116.3,0.0 
367 96.3,117.5,0.0 
368 97.8,116.3,0.0 
369 96.3,117.5,0.0 
370 94.8,118.7,0.0 
371 96.3,117.5,0.0 
372 95.1,116.0,0.0 
373 96.6,114.8,0.0 
374 95.1,116.0,0.0 
375 96.3,117.5,0.0 
376 97.8,116.3,0.0 
377 96.3,117.5,0.0 
378 95.1,116.0,0.0 
379 93.9,114.5,0.0 
380 95.1,116.0,0.0 
381 96.3,117.5,0.0 
382 97.8,116.3,0.0 
383 99.0,117.8,0.0 
384 97.8,116.3,0.0 
385 99.0,117.8,0.0 
386 100.2,119.3,0.0 
387 98.7,120.5,0.0 
388 100.2,119.3,0.0 
389 99.0,117.8,0.0 
390 100.5,116.6,0.0 
391 102.0,115.4,0.0 
392 100.5,116.6,0.0 
393 99.3,115.1,0.0 
394 98.1,113.6,0.0 
395 99.6,112.4,0.0 
396 98.1,113.6,0.0 
397 96.6,114.8,0.0 
398 98.1,113.6,0.0 
399 99.6,112.4,0.0 
400 98.4,110.9,0.0 
401 99.6,112.4,0.0 
402 98.4,110.9,0.0 
403 96.9,112.1,0.0 
404 95.7,110.6,0.0 
405 94.5,109.1,0.0 
406 93.3,107.6,0.0 
407 91.8,108.8,0.0 
408 90.6,107.3,0.0 
409 91.8,108.8,0.0 
410 90.3,110.0,0.0 
411 89.1,108.5,0.0 
412 90.6,107.3,0.0 
413 92.1,106.1,0.0 
414 93.6,104.9,0.0 
415 95.1,103.7,0.0 
416 96.6,102.5,0.0 
417 98.1,101.3,0.0 
418 96.6,102.5,0.0 
419 98.1,101.3,0.0 
420 99.6,100.1,0.0 
421 100.8,101.6,0.0 
422 99.3,102.8,0.0 
423 98.1,101.3,0.0 
424 99.3,102.8,0.0 
425 98.1,101.3,0.0 
426 99.3,102.8,0.0 
427 98.1,101.3,0.0 
428 96.6,102.5,0.0 
429 98.1,101.3,0.0 
430 99.3,102.8,0.0 
431 100.5,104.3,0.0 
432 102.0,103.1,0.0 
433 100.5,104.3,0.0 
434 99.0,105.5,0.0 
435 97.8,104.0,0.0 
436 96.3,105.2,0.0 
437 97.8,104.0,0.0 
438 96.6,102.5,0.0 
439 95.1,103.7,0.0 
440 93.6,104.9,0.0 
441 92.1,106.1,0.0 
442 93.3,107.6,0.0 
443 91.8,108.8,0.0 
444 93.0,110.3,0.0 
445 91.8,108.8,0.0 
446 93.0,110.3,0.0 
447 91.5,111.5,0.0 
448 90.3,110.0,0.0 
449 91.5,111.5,0.0 
450 90.0,112.7,0.0 
451 91.2,114.2,0.0 
452 90.0,112.7,0.0 
453 91.2,114.2,0.0 
454 92.4,115.7,0.0 
455 93.6,117.2,0.0 
456 92.1,118.4,0.0 
457 93.3,119.9,0.0 
458 91.8,121.1,0.0 
459 90.6,119.6,0.0 
460 92.1,118.4,0.0 
461 93.6,117.2,0.0 
462 92.1,118.4,0.0 
463 90.6,119.6,0.0 
464 91.8,121.1,0.0 
465 90.3,122.3,0.0 
466 91.5,123.8,0.0 
467 90.0,125.0,0.0 
468 91.5,123.8,0.0 
469 90.0,125.0,0.0 
470 88.5,126.2,0.0 
471 87.3,124.7,0.0 
472 86.1,123.2,0.0 
473 84.9,121.7,0.0 
474 83.7,120.2,0.0 
475 82.5,118.7,0.0 
476 83.7,120.2,0.0 
477 82.2,121.4,0.0 
478 80.7,122.6,0.0 
479 79.5,121.1,0.0 
480 81.0,119.9,0.0 
481 82.2,121.4,0.0 
482 80.7,122.6,0.0 
483 82.2,121.4,0.0 
484 80.7,122.6,0.0 
485 81.9,124.1,0.0 
486 83.1,125.6,0.0 
487 84.3,127.1,0.0 
488 82.8,128.3,0.0 
489 81.6,126.8,0.0 
490 83.1,125.6,0.0 
491 84.3,127.1,0.0 
492 85.5,128.6,0.0 
493 84.3,127.1,0.0 
494 82.8,128.3,0.0 
495 84.3,127.1,0.0 
496 83.1,125.6,0.0 
497 81.6,126.8,0.0 
498 82.8,128.3,0.0 
499 81.3,129.5,0.0 
