0 88.5,146.2,0.0 
1 87.0,147.4,0.0 
2 88.5,146.2,0.0 
3 89.7,147.7,0.0 
4 88.5,146.2,0.0 
5 87.3,144.7,0.0 
6 88.8,143.5,0.0 
7 90.3,142.3,0.0 
8 91.5,143.8,0.0 
9 90.0,145.0,0.0 
10 88.8,143.5,0.0 
11 87.6,142.0,0.0 
12 86.1,143.2,0.0 
13 84.6,144.4,0.0 
14 85.8,145.9,0.0 
15 87.3,144.7,0.0 
16 85.8,145.9,0.0 
17 84.3,147.1,0.0 
18 85.8,145.9,0.0 
19 87.3,144.7,0.0 
20 86.1,143.2,0.0 
21 87.3,144.7,0.0 
22 88.5,146.2,0.0 
23 87.0,147.4,0.0 
24 85.5,148.6,0.0 
25 87.0,147.4,0.0 
26 85.5,148.6,0.0 
27 87.0,147.4,0.0 
28 85.5,148.6,0.0 
29 84.3,147.1,0.0 
30 85.5,148.6,0.0 
31 87.0,147.4,0.0 
32 85.8,145.9,0.0 
33 87.0,147.4,0.0 
34 88.2,148.9,0.0 
35 89.7,147.7,0.0 
36 91.2,146.5,0.0 
37 92.4,148.0,0.0 
38 90.9,149.2,0.0 
39 92.1,150.7,0.0 
40 93.3,152.2,0.0 
41 91.8,153.4,0.0 
42 90.3,154.6,0.0 
43 91.5,156.1,0.0 
44 90.0,157.3,0.0 
45 91.2,158.8,0.0 
46 89.7,160.0,0.0 
47 88.5,158.5,0.0 
48 89.7,160.0,0.0 
49 90.9,161.5,0.0 
50 92.4,160.3,0.0 
51 90.9,161.5,0.0 
52 92.1,163.0,0.0 
53 90.6,164.2,0.0 
54 89.4,162.7,0.0 
55 88.2,161.2,0.0 
56 86.7,162.4,0.0 
57 85.5,160.9,0.0 
58 86.7,162.4,0.0 
59 87.9,163.9,0.0 
60 89.1,165.4,0.0 
61 90.3,166.9,0.0 
62 88.8,168.1,0.0 
63 90.0,169.6,0.0 
64 91.5,168.4,0.0 
65 92.7,169.9,0.0 
66 93.9,171.4,0.0 
67 92.4,172.6,0.0 
68 93.6,174.1,0.0 
69 92.4,172.6,0.0 
70 91.2,171.1,0.0 
71 92.7,169.9,0.0 
72 93.9,171.4,0.0 
73 92.4,172.6,0.0 
74 90.9,173.8,0.0 
75 89.4,175.0,0.0 
76 90.9,173.8,0.0 
77 92.4,172.6,0.0 
78 93.6,174.1,0.0 
79 95.1,172.9,0.0 
80 93.9,171.4,0.0 
81 95.1,172.9,0.0 
82 96.3,174.4,0.0 
83 94.8,175.6,0.0 
84 96.3,174.4,0.0 
85 95.1,172.9,0.0 
86 96.3,174.4,0.0 
87 95.1,172.9,0.0 
88 93.9,171.4,0.0 
89 95.1,172.9,0.0 
90 96.3,174.4,0.0 
91 97.8,173.2,0.0 
92 96.3,174.4,0.0 
93 94.8,175.6,0.0 
94 93.6,174.1,0.0 
95 92.4,172.6,0.0 
96 93.6,174.1,0.0 
97 92.4,172.6,0.0 
98 91.2,171.1,0.0 
99 90.0,169.6,0.0 
100 88.8,168.1,0.0 
101 90.0,169.6,0.0 
102 88.5,170.8,0.0 
103 87.0,172.0,0.0 
104 85.5,173.2,0.0 
105 87.0,172.0,0.0 
106 88.2,173.5,0.0 
107 89.4,175.0,0.0 
108 90.9,173.8,0.0 
109 92.1,175.3,0.0 
110 90.9,173.8,0.0 
111 92.4,172.6,0.0 
112 90.9,173.8,0.0 
113 89.7,172.3,0.0 
114 91.2,171.1,0.0 
115 92.4,172.6,0.0 
116 91.2,171.1,0.0 
117 89.7,172.3,0.0 
118 91.2,171.1,0.0 
119 90.0,169.6,0.0 
120 88.5,170.8,0.0 
121 87.0,172.0,0.0 
122 88.5,170.8,0.0 
123 87.3,169.3,0.0 
124 85.8,170.5,0.0 
125 87.0,172.0,0.0 
126 88.5,170.8,0.0 
127 87.0,172.0,0.0 
128 88.5,170.8,0.0 
129 90.0,169.6,0.0 
130 88.8,168.1,0.0 
131 87.6,166.6,0.0 
132 86.1,167.8,0.0 
133 87.6,166.6,0.0 
134 88.8,168.1,0.0 
135 87.3,169.3,0.0 
136 88.8,168.1,0.0 
137 90.3,166.9,0.0 
138 89.1,165.4,0.0 
139 87.9,163.9,0.0 
140 86.4,165.1,0.0 
141 87.6,166.6,0.0 
142 88.8,168.1,0.0 
143 90.0,169.6,0.0 
144 88.8,168.1,0.0 
145 87.6,166.6,0.0 
146 89.1,165.4,0.0 
147 87.9,163.9,0.0 
148 89.4,162.7,0.0 
149 90.6,164.2,0.0 
150 89.1,165.4,0.0 
151 90.6,164.2,0.0 
152 91.8,165.7,0.0 
153 93.3,164.5,0.0 
154 94.5,166.0,0.0 
155 93.3,164.5,0.0 
156 91.8,165.7,0.0 
157 90.6,164.2,0.0 
158 92.1,163.0,0.0 
159 90.9,161.5,0.0 
160 89.4,162.7,0.0 
161 88.2,161.2,0.0 
162 87.0,159.7,0.0 
163 85.8,158.2,0.0 
164 87.3,157.0,0.0 
165 88.5,158.5,0.0 
166 87.3,157.0,0.0 
167 86.1,155.5,0.0 
168 84.6,156.7,0.0 
169 86.1,155.5,0.0 
170 87.3,157.0,0.0 
171 86.1,155.5,0.0 
172 84.6,156.7,0.0 
173 85.8,158.2,0.0 
174 84.6,156.7,0.0 
175 85.8,158.2,0.0 
176 87.0,159.7,0.0 
177 88.2,161.2,0.0 
178 89.4,162.7,0.0 
179 90.9,161.5,0.0 
180 89.4,162.7,0.0 
181 90.9,161.5,0.0 
182 89.4,162.7,0.0 
183 90.9,161.5,0.0 
184 92.4,160.3,0.0 
185 93.9,159.1,0.0 
186 92.4,160.3,0.0 
187 91.2,158.8,0.0 
188 90.0,157.3,0.0 
189 88.8,155.8,0.0 
190 90.3,154.6,0.0 
191 89.1,153.1,0.0 
192 87.6,154.3,0.0 
193 89.1,153.1,0.0 
194 87.6,154.3,0.0 
195 88.8,155.8,0.0 
196 87.6,154.3,0.0 
197 88.8,155.8,0.0 
198 87.3,157.0,0.0 
199 88.8,155.8,0.0 
200 87.3,157.0,0.0 
201 85.8,158.2,0.0 
202 87.0,159.7,0.0 
203 88.2,161.2,0.0 
204 89.7,160.0,0.0 
205 90.9,161.5,0.0 
206 89.7,160.0,0.0 
207 90.9,161.5,0.0 
208 92.1,163.0,0.0 
209 93.3,164.5,0.0 
210 94.8,163.3,0.0 
211 93.6,161.8,0.0 
212 95.1,160.6,0.0 
213 93.6,161.8,0.0 
214 95.1,160.6,0.0 
215 93.6,161.8,0.0 
216 92.4,160.3,0.0 
217 90.9,161.5,0.0 
218 89.7,160.0,0.0 
219 91.2,158.8,0.0 
220 92.4,160.3,0.0 
221 93.9,159.1,0.0 
222 92.7,157.6,0.0 
223 93.9,159.1,0.0 
224 92.4,160.3,0.0 
225 93.6,161.8,0.0 
226 92.1,163.0,0.0 
227 90.9,161.5,0.0 
228 89.4,162.7,0.0 
229 90.6,164.2,0.0 
230 89.4,162.7,0.0 
231 90.6,164.2,0.0 
232 89.4,162.7,0.0 
233 90.9,161.5,0.0 
234 89.7,160.0,0.0 
235 90.9,161.5,0.0 
236 92.1,163.0,0.0 
237 90.9,161.5,0.0 
238 92.1,163.0,0.0 
239 90.6,164.2,0.0 
240 89.4,162.7,0.0 
241 90.6,164.2,0.0 
242 89.4,162.7,0.0 
243 90.9,161.5,0.0 
244 92.4,160.3,0.0 
245 90.9,161.5,0.0 
246 92.4,160.3,0.0 
247 90.9,161.5,0.0 
248 89.7,160.0,0.0 
249 88.5,158.5,0.0 
250 87.0,159.7,0.0 
251 85.5,160.9,0.0 
252 84.0,162.1,0.0 
253 82.5,163.3,0.0 
254 83.7,164.8,0.0 
255 82.5,163.3,0.0 
256 81.0,164.5,0.0 
257 79.5,165.7,0.0 
258 78.3,164.2,0.0 
259 79.8,163.0,0.0 
260 81.0,164.5,0.0 
261 79.8,163.0,0.0 
262 78.3,164.2,0.0 
263 76.8,165.4,0.0 
264 78.3,164.2,0.0 
265 79.5,165.7,0.0 
266 80.7,167.2,0.0 
267 79.5,165.7,0.0 
268 80.7,167.2,0.0 
269 79.5,165.7,0.0 
270 80.7,167.2,0.0 
271 79.2,168.4,0.0 
272 80.7,167.2,0.0 
273 81.9,168.7,0.0 
274 80.4,169.9,0.0 
275 81.9,168.7,0.0 
276 80.7,167.2,0.0 
277 79.5,165.7,0.0 
278 78.3,164.2,0.0 
279 76.8,165.4,0.0 
280 75.6,163.9,0.0 
281 77.1,162.7,0.0 
282 75.6,163.9,0.0 
283 77.1,162.7,0.0 
284 78.3,164.2,0.0 
285 79.8,163.0,0.0 
286 81.3,161.8,0.0 
287 80.1,160.3,0.0 
288 78.9,158.8,0.0 
289 77.7,157.3,0.0 
290 78.9,158.8,0.0 
291 77.7,157.3,0.0 
292 78.9,158.8,0.0 
293 77.7,157.3,0.0 
294 76.2,158.5,0.0 
295 74.7,159.7,0.0 
296 76.2,158.5,0.0 
297 75.0,157.0,0.0 
298 76.5,155.8,0.0 
299 75.0,157.0,0.0 
300 73.8,155.5,0.0 
301 75.3,154.3,0.0 
302 76.5,155.8,0.0 
303 78.0,154.6,0.0 
304 76.5,155.8,0.0 
305 75.3,154.3,0.0 
306 73.8,155.5,0.0 
307 72.3,156.7,0.0 
308 71.1,155.2,0.0 
309 69.9,153.7,0.0 
310 68.7,152.2,0.0 
311 70.2,151.0,0.0 
312 71.4,152.5,0.0 
313 70.2,151.0,0.0 
314 69.0,149.5,0.0 
315 70.2,151.0,0.0 
316 71.4,152.5,0.0 
317 72.9,151.3,0.0 
318 71.7,149.8,0.0 
319 70.2,151.0,0.0 
320 71.4,152.5,0.0 
321 72.6,154.0,0.0 
322 73.8,155.5,0.0 
323 75.0,157.0,0.0 
324 76.2,158.5,0.0 
325 77.4,160.0,0.0 
326 75.9,161.2,0.0 
327 77.4,160.0,0.0 
328 78.9,158.8,0.0 
329 77.4,160.0,0.0 
330 78.9,158.8,0.0 
331 80.4,157.6,0.0 
332 79.2,156.1,0.0 
333 78.0,154.6,0.0 
334 79.2,156.1,0.0 
335 80.7,154.9,0.0 
336 81.9,156.4,0.0 
337 80.7,154.9,0.0 
338 81.9,156.4,0.0 
339 83.4,155.2,0.0 
340 84.6,156.7,0.0 
341 83.1,157.9,0.0 
342 84.6,156.7,0.0 
343 83.1,157.9,0.0 
344 84.3,159.4,0.0 
345 85.5,160.9,0.0 
346 87.0,159.7,0.0 
347 88.2,161.2,0.0 
348 89.4,162.7,0.0 
349 90.9,161.5,0.0 
350 89.4,162.7,0.0 
351 87.9,163.9,0.0 
352 89.1,165.4,0.0 
353 87.6,166.6,0.0 
354 86.4,165.1,0.0 
355 85.2,163.6,0.0 
356 83.7,164.8,0.0 
357 82.2,166.0,0.0 
358 81.0,164.5,0.0 
359 82.5,163.3,0.0 
360 83.7,164.8,0.0 
361 82.2,166.0,0.0 
362 83.4,167.5,0.0 
363 84.6,169.0,0.0 
364 83.1,170.2,0.0 
365 84.6,169.0,0.0 
366 85.8,170.5,0.0 
367 87.3,169.3,0.0 
368 88.5,170.8,0.0 
369 90.0,169.6,0.0 
370 88.8,168.1,0.0 
371 87.6,166.6,0.0 
372 86.1,167.8,0.0 
373 84.6,169.0,0.0 
374 83.4,167.5,0.0 
375 81.9,168.7,0.0 
376 83.4,167.5,0.0 
377 84.9,166.3,0.0 
378 86.4,165.1,0.0 
379 87.6,166.6,0.0 
380 86.1,167.8,0.0 
381 84.9,166.3,0.0 
382 83.7,164.8,0.0 
383 85.2,163.6,0.0 
384 84.0,162.1,0.0 
385 82.5,163.3,0.0 
386 84.0,162.1,0.0 
387 85.5,160.9,0.0 
388 87.0,159.7,0.0 
389 85.5,160.9,0.0 
390 86.7,162.4,0.0 
391 85.5,160.9,0.0 
392 84.3,159.4,0.0 
393 85.8,158.2,0.0 
394 84.3,159.4,0.0 
395 83.1,157.9,0.0 
396 84.6,156.7,0.0 
397 86.1,155.5,0.0 
398 87.6,154.3,0.0 
399 86.1,155.5,0.0 
400 84.9,154.0,0.0 
401 86.1,155.5,0.0 
402 87.3,157.0,0.0 
403 88.8,155.8,0.0 
404 90.0,157.3,0.0 
405 91.5,156.1,0.0 
406 90.0,157.3,0.0 
407 88.5,158.5,0.0 
408 89.7,160.0,0.0 
409 91.2,158.8,0.0 
410 92.7,157.6,0.0 
411 91.2,158.8,0.0 
412 89.7,160.0,0.0 
413 91.2,158.8,0.0 
414 89.7,160.0,0.0 
415 91.2,158.8,0.0 
416 92.4,160.3,0.0 
417 90.9,161.5,0.0 
418 89.7,160.0,0.0 
419 88.5,158.5,0.0 
420 90.0,157.3,0.0 
421 91.2,158.8,0.0 
422 89.7,160.0,0.0 
423 91.2,158.8,0.0 
424 92.7,157.6,0.0 
425 93.9,159.1,0.0 
426 95.4,157.9,0.0 
427 94.2,156.4,0.0 
428 95.4,157.9,0.0 
429 94.2,156.4,0.0 
430 95.7,155.2,0.0 
431 94.2,156.4,0.0 
432 92.7,157.6,0.0 
433 94.2,156.4,0.0 
434 93.0,154.9,0.0 
435 91.8,153.4,0.0 
436 90.6,151.9,0.0 
437 89.4,150.4,0.0 
438 87.9,151.6,0.0 
439 89.4,150.4,0.0 
440 90.9,149.2,0.0 
441 89.7,147.7,0.0 
442 90.9,149.2,0.0 
443 92.4,148.0,0.0 
444 90.9,149.2,0.0 
445 92.1,150.7,0.0 
446 90.6,151.9,0.0 
447 89.4,150.4,0.0 
448 90.9,149.2,0.0 
449 89.4,150.4,0.0 
450 90.6,151.9,0.0 
451 89.4,150.4,0.0 
452 90.6,151.9,0.0 
453 92.1,150.7,0.0 
454 90.6,151.9,0.0 
455 89.1,153.1,0.0 
456 87.9,151.6,0.0 
457 86.4,152.8,0.0 
458 85.2,151.3,0.0 
459 84.0,149.8,0.0 
460 82.5,151.0,0.0 
461 83.7,152.5,0.0 
462 82.2,153.7,0.0 
463 80.7,154.9,0.0 
464 79.5,153.4,0.0 
465 81.0,152.2,0.0 
466 82.5,151.0,0.0 
467 81.0,152.2,0.0 
468 82.5,151.0,0.0 
469 81.3,149.5,0.0 
470 82.8,148.3,0.0 
471 81.3,149.5,0.0 
472 82.8,148.3,0.0 
473 81.3,149.5,0.0 
474 79.8,150.7,0.0 
475 81.3,149.5,0.0 
476 82.5,151.0,0.0 
477 83.7,152.5,0.0 
478 82.2,153.7,0.0 
479 83.7,152.5,0.0 
480 82.5,151.0,0.0 
481 84.0,149.8,0.0 
482 85.5,148.6,0.0 
483 84.3,147.1,0.0 
484 85.5,148.6,0.0 
485 84.0,149.8,0.0 
486 82.5,151.0,0.0 
487 83.7,152.5,0.0 
488 84.9,154.0,0.0 
489 83.4,155.2,0.0 
490 82.2,153.7,0.0 
491 81.0,152.2,0.0 
492 79.8,150.7,0.0 
493 78.6,149.2,0.0 
494 77.1,150.4,0.0 
495 78.6,149.2,0.0 
496 77.4,147.7,0.0 
497 75.9,148.9,0.0 
498 77.4,147.7,0.0 
499 78.9,146.5,0.0 
