1 40.48,100.36,0.00 52.0,148.0,0 40.40,160.00,0.00
2 40.96,100.72,0.00 56.0,148.0,0 40.80,160.00,0.00
3 41.44,101.08,0.00 58.0,146.0,0 41.20,160.00,0.00
4 41.92,101.44,0.00 59.0,147.0,0 41.60,160.00,0.00
5 42.40,101.80,0.00 55.0,143.0,0 42.00,160.00,0.00
6 42.87,102.16,0.00 56.0,142.0,0 42.40,160.00,0.00
7 43.35,102.51,0.00 60.0,140.0,0 42.80,160.00,0.00
8 43.83,102.87,0.00 59.0,141.0,0 43.20,160.00,0.00
9 44.31,103.23,0.00 63.0,139.0,0 43.60,160.00,0.00
10 44.79,103.59,0.00 64.0,140.0,0 44.00,160.00,0.00
11 45.27,103.95,0.00 67.0,141.0,0 44.40,160.00,0.00
12 45.75,104.31,0.00 66.0,142.0,0 44.80,160.00,0.00
13 46.23,104.67,0.00 67.0,143.0,0 45.20,160.00,0.00
14 46.71,105.03,0.00 67.0,141.0,0 45.60,160.00,0.00
15 47.19,105.39,0.00 71.0,143.0,0 46.00,160.00,0.00
16 47.66,105.75,0.00 68.0,146.0,0 46.40,160.00,0.00
17 48.14,106.11,0.00 67.0,145.0,0 46.80,160.00,0.00
18 48.62,106.47,0.00 67.0,145.0,0 47.20,160.00,0.00
19 49.10,106.83,0.00 71.0,145.0,0 47.60,160.00,0.00
20 49.58,107.19,0.00 71.0,143.0,0 48.00,160.00,0.00
21 50.06,107.54,0.00 68.0,144.0,0 48.40,160.00,0.00
22 50.54,107.90,0.00 70.0,146.0,0 48.80,160.00,0.00
23 51.02,108.26,0.00 67.0,145.0,0 49.20,160.00,0.00
24 51.50,108.62,0.00 69.0,143.0,0 49.60,160.00,0.00
25 51.98,108.98,0.00 70.0,140.0,0 50.00,160.00,0.00
26 52.46,109.34,0.00 69.0,141.0,0 50.40,160.00,0.00
27 52.93,109.70,0.00 67.0,145.0,0 50.80,160.00,0.00
28 53.41,110.06,0.00 69.0,147.0,0 51.20,160.00,0.00
29 53.89,110.42,0.00 71.0,147.0,0 51.60,160.00,0.00
30 54.37,110.78,0.00 73.0,149.0,0 52.00,160.00,0.00
31 54.85,111.14,0.00 70.0,152.0,0 52.40,160.00,0.00
32 55.33,111.50,0.00 70.0,152.0,0 52.80,160.00,0.00
33 55.81,111.86,0.00 71.0,151.0,0 53.20,160.00,0.00
34 56.29,112.22,0.00 74.0,150.0,0 53.60,160.00,0.00
35 56.77,112.57,0.00 74.0,150.0,0 54.00,160.00,0.00
36 57.25,112.93,0.00 72.0,148.0,0 54.40,160.00,0.00
37 57.72,113.29,0.00 70.0,144.0,0 54.80,160.00,0.00
38 58.20,113.65,0.00 67.0,141.0,0 55.20,160.00,0.00
39 58.68,114.01,0.00 64.0,138.0,0 55.60,160.00,0.00
40 59.16,114.37,0.00 64.0,138.0,0 56.00,160.00,0.00
41 59.64,114.73,0.00 63.0,137.0,0 56.40,160.00,0.00
42 60.12,115.09,0.00 65.0,139.0,0 56.80,160.00,0.00
43 60.60,115.45,0.00 68.0,142.0,0 57.20,160.00,0.00
44 61.08,115.81,0.00 68.0,146.0,0 57.60,160.00,0.00
45 61.56,116.17,0.00 67.0,145.0,0 58.00,160.00,0.00
46 62.04,116.53,0.00 66.0,148.0,0 58.40,160.00,0.00
47 62.51,116.89,0.00 64.0,150.0,0 58.80,160.00,0.00
48 62.99,117.25,0.00 65.0,151.0,0 59.20,160.00,0.00
49 63.47,117.60,0.00 66.0,154.0,0 59.60,160.00,0.00
50 63.95,117.96,0.00 68.0,152.0,0 60.00,160.00,0.00
51 64.43,118.32,0.00 68.0,150.0,0 60.40,160.00,0.00
52 64.91,118.68,0.00 65.0,149.0,0 60.80,160.00,0.00
53 65.39,119.04,0.00 66.0,152.0,0 61.20,160.00,0.00
54 65.87,119.40,0.00 66.0,156.0,0 61.60,160.00,0.00
55 66.35,119.76,0.00 66.0,156.0,0 62.00,160.00,0.00
56 66.83,120.12,0.00 67.0,157.0,0 62.40,160.00,0.00
57 67.31,120.48,0.00 69.0,153.0,0 62.80,160.00,0.00
58 67.78,120.84,0.00 69.0,151.0,0 63.20,160.00,0.00
59 68.26,121.20,0.00 68.0,150.0,0 63.60,160.00,0.00
60 68.74,121.56,0.00 68.0,148.0,0 64.00,160.00,0.00
61 69.22,121.92,0.00 69.0,147.0,0 64.40,160.00,0.00
62 69.70,122.28,0.00 69.0,149.0,0 64.80,160.00,0.00
63 70.18,122.63,0.00 69.0,149.0,0 65.20,160.00,0.00
64 70.66,122.99,0.00 69.0,149.0,0 65.60,160.00,0.00
65 71.14,123.35,0.00 69.0,147.0,0 66.00,160.00,0.00
66 71.62,123.71,0.00 66.0,146.0,0 66.40,160.00,0.00
67 72.10,124.07,0.00 69.0,145.0,0 66.80,160.00,0.00
68 72.57,124.43,0.00 73.0,141.0,0 67.20,160.00,0.00
69 73.05,124.79,0.00 72.0,140.0,0 67.60,160.00,0.00
70 73.53,125.15,0.00 73.0,143.0,0 68.00,160.00,0.00
71 74.01,125.51,0.00 74.0,144.0,0 68.40,160.00,0.00
72 74.49,125.87,0.00 74.0,148.0,0 68.80,160.00,0.00
73 74.97,126.23,0.00 71.0,149.0,0 69.20,160.00,0.00
74 75.45,126.59,0.00 69.0,147.0,0 69.60,160.00,0.00
75 75.93,126.95,0.00 66.0,150.0,0 70.00,160.00,0.00
76 76.41,127.31,0.00 69.0,155.0,0 70.40,160.00,0.00
77 76.89,127.66,0.00 67.0,155.0,0 70.80,160.00,0.00
78 77.37,128.02,0.00 67.0,157.0,0 71.20,160.00,0.00
79 77.84,128.38,0.00 68.0,154.0,0 71.60,160.00,0.00
80 78.32,128.74,0.00 71.0,153.0,0 72.00,160.00,0.00
81 78.80,129.10,0.00 68.0,152.0,0 72.40,160.00,0.00
82 79.28,129.46,0.00 70.0,150.0,0 72.80,160.00,0.00
83 79.76,129.82,0.00 72.0,150.0,0 73.20,160.00,0.00
84 80.24,130.18,0.00 73.0,151.0,0 73.60,160.00,0.00
85 80.72,130.54,0.00 75.0,147.0,0 74.00,160.00,0.00
86 81.20,130.90,0.00 79.0,141.0,0 74.40,160.00,0.00
87 81.68,131.26,0.00 78.0,144.0,0 74.80,160.00,0.00
88 82.16,131.62,0.00 80.0,144.0,0 75.20,160.00,0.00
89 82.63,131.98,0.00 82.0,146.0,0 75.60,160.00,0.00
90 83.11,132.34,0.00 85.0,149.0,0 76.00,160.00,0.00
91 83.59,132.69,0.00 85.0,147.0,0 76.40,160.00,0.00
92 84.07,133.05,0.00 83.0,145.0,0 76.80,160.00,0.00
93 84.55,133.41,0.00 82.0,144.0,0 77.20,160.00,0.00
94 85.03,133.77,0.00 85.0,147.0,0 77.60,160.00,0.00
95 85.51,134.13,0.00 86.0,146.0,0 78.00,160.00,0.00
96 85.99,134.49,0.00 88.0,144.0,0 78.40,160.00,0.00
97 86.47,134.85,0.00 84.0,142.0,0 78.80,160.00,0.00
98 86.95,135.21,0.00 83.0,143.0,0 79.20,160.00,0.00
99 87.43,135.57,0.00 83.0,141.0,0 79.60,160.00,0.00
100 87.90,135.93,0.00 80.0,142.0,0 80.00,160.00,0.00
101 88.38,136.29,0.00 79.0,139.0,0 80.40,160.00,0.00
102 88.86,136.65,0.00 77.0,141.0,0 80.80,160.00,0.00
103 89.34,137.01,0.00 77.0,145.0,0 81.20,160.00,0.00
104 89.82,137.37,0.00 76.0,142.0,0 81.60,160.00,0.00
105 90.30,137.72,0.00 76.0,140.0,0 82.00,160.00,0.00
106 90.78,138.08,0.00 74.0,140.0,0 82.40,160.00,0.00
107 91.26,138.44,0.00 73.0,139.0,0 82.80,160.00,0.00
108 91.74,138.80,0.00 73.0,143.0,0 83.20,160.00,0.00
109 92.22,139.16,0.00 73.0,145.0,0 83.60,160.00,0.00
110 92.69,139.52,0.00 73.0,143.0,0 84.00,160.00,0.00
111 93.17,139.88,0.00 76.0,142.0,0 84.40,160.00,0.00
112 93.65,140.24,0.00 77.0,141.0,0 84.80,160.00,0.00
113 94.13,140.60,0.00 76.0,140.0,0 85.20,160.00,0.00
114 94.61,140.96,0.00 71.0,139.0,0 85.60,160.00,0.00
115 95.09,141.32,0.00 73.0,139.0,0 86.00,160.00,0.00
116 95.57,141.68,0.00 71.0,141.0,0 86.40,160.00,0.00
117 96.05,142.04,0.00 70.0,142.0,0 86.80,160.00,0.00
118 96.53,142.40,0.00 69.0,143.0,0 87.20,160.00,0.00
119 97.01,142.75,0.00 72.0,142.0,0 87.60,160.00,0.00
120 97.49,143.11,0.00 71.0,137.0,0 88.00,160.00,0.00
121 97.96,143.47,0.00 72.0,140.0,0 88.40,160.00,0.00
122 98.44,143.83,0.00 74.0,142.0,0 88.80,160.00,0.00
123 98.92,144.19,0.00 74.0,140.0,0 89.20,160.00,0.00
124 99.40,144.55,0.00 77.0,141.0,0 89.60,160.00,0.00
125 99.88,144.91,0.00 72.0,146.0,0 90.00,160.00,0.00
126 100.36,145.27,0.00 72.0,144.0,0 90.40,160.00,0.00
127 100.84,145.63,0.00 73.0,147.0,0 90.80,160.00,0.00
128 101.32,145.99,0.00 76.0,146.0,0 91.20,160.00,0.00
129 101.80,146.35,0.00 79.0,147.0,0 91.60,160.00,0.00
130 102.28,146.71,0.00 81.0,147.0,0 92.00,160.00,0.00
131 102.75,147.07,0.00 82.0,150.0,0 92.40,160.00,0.00
132 103.23,147.43,0.00 78.0,152.0,0 92.80,160.00,0.00
133 103.71,147.78,0.00 76.0,150.0,0 93.20,160.00,0.00
134 104.19,148.14,0.00 78.0,148.0,0 93.60,160.00,0.00
135 104.67,148.50,0.00 77.0,149.0,0 94.00,160.00,0.00
136 105.15,148.86,0.00 78.0,154.0,0 94.40,160.00,0.00
137 105.63,149.22,0.00 78.0,154.0,0 94.80,160.00,0.00
138 106.11,149.58,0.00 80.0,154.0,0 95.20,160.00,0.00
139 106.59,149.94,0.00 78.0,156.0,0 95.60,160.00,0.00
140 107.07,150.30,0.00 78.0,156.0,0 96.00,160.00,0.00
141 107.54,150.66,0.00 76.0,160.0,0 96.40,160.00,0.00
142 108.02,151.02,0.00 79.0,161.0,0 96.80,160.00,0.00
143 108.50,151.38,0.00 77.0,161.0,0 97.20,160.00,0.00
144 108.98,151.74,0.00 79.0,163.0,0 97.60,160.00,0.00
145 109.46,152.10,0.00 80.0,164.0,0 98.00,160.00,0.00
146 109.94,152.46,0.00 78.0,168.0,0 98.40,160.00,0.00
147 110.42,152.81,0.00 74.0,168.0,0 98.80,160.00,0.00
148 110.90,153.17,0.00 74.0,174.0,0 99.20,160.00,0.00
149 111.38,153.53,0.00 70.0,174.0,0 99.60,160.00,0.00
150 111.86,153.89,0.00 69.0,173.0,0 100.00,160.00,0.00
151 112.34,154.25,0.00 70.0,174.0,0 100.40,160.00,0.00
152 112.81,154.61,0.00 71.0,177.0,0 100.80,160.00,0.00
153 113.29,154.97,0.00 69.0,177.0,0 101.20,160.00,0.00
154 113.77,155.33,0.00 69.0,179.0,0 101.60,160.00,0.00
155 114.25,155.69,0.00 67.0,175.0,0 102.00,160.00,0.00
156 114.73,156.05,0.00 67.0,175.0,0 102.40,160.00,0.00
157 115.21,156.41,0.00 67.0,177.0,0 102.80,160.00,0.00
158 115.69,156.77,0.00 68.0,180.0,0 103.20,160.00,0.00
159 116.17,157.13,0.00 64.0,178.0,0 103.60,160.00,0.00
160 116.65,157.49,0.00 65.0,181.0,0 104.00,160.00,0.00
161 117.13,157.84,0.00 64.0,180.0,0 104.40,160.00,0.00
162 117.60,158.20,0.00 61.0,181.0,0 104.80,160.00,0.00
163 118.08,158.56,0.00 64.0,180.0,0 105.20,160.00,0.00
164 118.56,158.92,0.00 65.0,185.0,0 105.60,160.00,0.00
165 119.04,159.28,0.00 70.0,184.0,0 106.00,160.00,0.00
166 119.52,159.64,0.00 68.0,182.0,0 106.40,160.00,0.00
167 120.00,160.00,0.00 68.0,182.0,0 106.80,160.00,0.00
168 119.52,159.64,0.00 68.0,186.0,0 107.20,160.00,0.00
169 119.04,159.28,0.00 69.0,183.0,0 107.60,160.00,0.00
170 118.55,158.92,0.00 68.0,182.0,0 108.00,160.00,0.00
171 118.07,158.55,0.00 71.0,181.0,0 108.40,160.00,0.00
172 117.59,158.19,0.00 72.0,180.0,0 108.80,160.00,0.00
173 117.11,157.83,0.00 70.0,178.0,0 109.20,160.00,0.00
174 116.63,157.47,0.00 69.0,173.0,0 109.60,160.00,0.00
175 116.14,157.11,0.00 71.0,171.0,0 110.00,160.00,0.00
176 115.66,156.75,0.00 74.0,170.0,0 110.40,160.00,0.00
177 115.18,156.39,0.00 76.0,172.0,0 110.80,160.00,0.00
178 114.70,156.02,0.00 77.0,173.0,0 111.20,160.00,0.00
179 114.22,155.66,0.00 76.0,170.0,0 111.60,160.00,0.00
180 113.73,155.30,0.00 74.0,172.0,0 112.00,160.00,0.00
181 113.25,154.94,0.00 75.0,171.0,0 112.40,160.00,0.00
182 112.77,154.58,0.00 75.0,171.0,0 112.80,160.00,0.00
183 112.29,154.22,0.00 77.0,173.0,0 113.20,160.00,0.00
184 111.81,153.86,0.00 78.0,172.0,0 113.60,160.00,0.00
185 111.33,153.49,0.00 73.0,175.0,0 114.00,160.00,0.00
186 110.84,153.13,0.00 70.0,174.0,0 114.40,160.00,0.00
187 110.36,152.77,0.00 68.0,172.0,0 114.80,160.00,0.00
188 109.88,152.41,0.00 69.0,171.0,0 115.20,160.00,0.00
189 109.40,152.05,0.00 67.0,169.0,0 115.60,160.00,0.00
190 108.92,151.69,0.00 71.0,171.0,0 116.00,160.00,0.00
191 108.43,151.33,0.00 72.0,172.0,0 116.40,160.00,0.00
192 107.95,150.96,0.00 74.0,172.0,0 116.80,160.00,0.00
193 107.47,150.60,0.00 78.0,174.0,0 117.20,160.00,0.00
194 106.99,150.24,0.00 75.0,175.0,0 117.60,160.00,0.00
195 106.51,149.88,0.00 79.0,179.0,0 118.00,160.00,0.00
196 106.02,149.52,0.00 82.0,180.0,0 118.40,160.00,0.00
197 105.54,149.16,0.00 86.0,176.0,0 118.80,160.00,0.00
198 105.06,148.80,0.00 85.0,175.0,0 119.20,160.00,0.00
199 104.58,148.43,0.00 87.0,173.0,0 119.60,160.00,0.00
200 104.10,148.07,0.00 88.0,172.0,0 120.00,160.00,0.00
201 103.61,147.71,0.00 90.0,170.0,0 120.40,160.00,0.00
202 103.13,147.35,0.00 87.0,173.0,0 120.80,160.00,0.00
203 102.65,146.99,0.00 86.0,172.0,0 121.20,160.00,0.00
204 102.17,146.63,0.00 88.0,170.0,0 121.60,160.00,0.00
205 101.69,146.27,0.00 89.0,169.0,0 122.00,160.00,0.00
206 101.20,145.90,0.00 87.0,173.0,0 122.40,160.00,0.00
207 100.72,145.54,0.00 89.0,171.0,0 122.80,160.00,0.00
208 100.24,145.18,0.00 90.0,166.0,0 123.20,160.00,0.00
209 99.76,144.82,0.00 88.0,166.0,0 123.60,160.00,0.00
210 99.28,144.46,0.00 88.0,162.0,0 124.00,160.00,0.00
211 98.80,144.10,0.00 89.0,161.0,0 124.40,160.00,0.00
212 98.31,143.73,0.00 88.0,160.0,0 124.80,160.00,0.00
213 97.83,143.37,0.00 86.0,156.0,0 125.20,160.00,0.00
214 97.35,143.01,0.00 85.0,157.0,0 125.60,160.00,0.00
215 96.87,142.65,0.00 83.0,157.0,0 126.00,160.00,0.00
216 96.39,142.29,0.00 81.0,157.0,0 126.40,160.00,0.00
217 95.90,141.93,0.00 82.0,158.0,0 126.80,160.00,0.00
218 95.42,141.57,0.00 83.0,159.0,0 127.20,160.00,0.00
219 94.94,141.20,0.00 83.0,157.0,0 127.60,160.00,0.00
220 94.46,140.84,0.00 83.0,159.0,0 128.00,160.00,0.00
221 93.98,140.48,0.00 83.0,155.0,0 128.40,160.00,0.00
222 93.49,140.12,0.00 90.0,154.0,0 128.80,160.00,0.00
223 93.01,139.76,0.00 93.0,151.0,0 129.20,160.00,0.00
224 92.53,139.40,0.00 93.0,155.0,0 129.60,160.00,0.00
225 92.05,139.04,0.00 92.0,154.0,0 130.00,160.00,0.00
226 91.57,138.67,0.00 90.0,154.0,0 130.40,160.00,0.00
227 91.08,138.31,0.00 91.0,155.0,0 130.80,160.00,0.00
228 90.60,137.95,0.00 88.0,156.0,0 131.20,160.00,0.00
229 90.12,137.59,0.00 83.0,155.0,0 131.60,160.00,0.00
230 89.64,137.23,0.00 84.0,156.0,0 132.00,160.00,0.00
231 89.16,136.87,0.00 82.0,156.0,0 132.40,160.00,0.00
232 88.67,136.51,0.00 83.0,153.0,0 132.80,160.00,0.00
233 88.19,136.14,0.00 87.0,155.0,0 133.20,160.00,0.00
234 87.71,135.78,0.00 82.0,158.0,0 133.60,160.00,0.00
235 87.23,135.42,0.00 83.0,159.0,0 134.00,160.00,0.00
236 86.75,135.06,0.00 84.0,156.0,0 134.40,160.00,0.00
237 86.27,134.70,0.00 84.0,156.0,0 134.80,160.00,0.00
238 85.78,134.34,0.00 86.0,160.0,0 135.20,160.00,0.00
239 85.30,133.98,0.00 82.0,160.0,0 135.60,160.00,0.00
240 84.82,133.61,0.00 83.0,161.0,0 136.00,160.00,0.00
241 84.34,133.25,0.00 82.0,160.0,0 136.40,160.00,0.00
242 83.86,132.89,0.00 80.0,160.0,0 136.80,160.00,0.00
243 83.37,132.53,0.00 79.0,159.0,0 137.20,160.00,0.00
244 82.89,132.17,0.00 80.0,160.0,0 137.60,160.00,0.00
245 82.41,131.81,0.00 77.0,161.0,0 138.00,160.00,0.00
246 81.93,131.45,0.00 81.0,165.0,0 138.40,160.00,0.00
247 81.45,131.08,0.00 76.0,164.0,0 138.80,160.00,0.00
248 80.96,130.72,0.00 80.0,164.0,0 139.20,160.00,0.00
249 80.48,130.36,0.00 79.0,165.0,0 139.60,160.00,0.00
250 80.00,130.00,0.00 77.0,165.0,0 140.00,160.00,0.00
251 79.52,129.64,0.00 77.0,165.0,0 139.60,160.00,0.00
252 79.04,129.28,0.00 80.0,164.0,0 139.20,160.00,0.00
253 78.55,128.92,0.00 79.0,161.0,0 138.80,160.00,0.00
254 78.07,128.55,0.00 81.0,161.0,0 138.40,160.00,0.00
255 77.59,128.19,0.00 79.0,161.0,0 138.00,160.00,0.00
256 77.11,127.83,0.00 78.0,160.0,0 137.60,160.00,0.00
257 76.63,127.47,0.00 80.0,160.0,0 137.20,160.00,0.00
258 76.14,127.11,0.00 80.0,160.0,0 136.80,160.00,0.00
259 75.66,126.75,0.00 83.0,161.0,0 136.40,160.00,0.00
260 75.18,126.39,0.00 81.0,165.0,0 136.00,160.00,0.00
261 74.70,126.02,0.00 82.0,164.0,0 135.60,160.00,0.00
262 74.22,125.66,0.00 83.0,165.0,0 135.20,160.00,0.00
263 73.73,125.30,0.00 84.0,166.0,0 134.80,160.00,0.00
264 73.25,124.94,0.00 85.0,163.0,0 134.40,160.00,0.00
265 72.77,124.58,0.00 80.0,160.0,0 134.00,160.00,0.00
266 72.29,124.22,0.00 81.0,163.0,0 133.60,160.00,0.00
267 71.81,123.86,0.00 81.0,163.0,0 133.20,160.00,0.00
268 71.33,123.49,0.00 84.0,162.0,0 132.80,160.00,0.00
269 70.84,123.13,0.00 85.0,165.0,0 132.40,160.00,0.00
270 70.36,122.77,0.00 88.0,166.0,0 132.00,160.00,0.00
271 69.88,122.41,0.00 95.0,163.0,0 131.60,160.00,0.00
272 69.40,122.05,0.00 99.0,161.0,0 131.20,160.00,0.00
273 68.92,121.69,0.00 99.0,159.0,0 130.80,160.00,0.00
274 68.43,121.33,0.00 97.0,161.0,0 130.40,160.00,0.00
275 67.95,120.96,0.00 99.0,159.0,0 130.00,160.00,0.00
276 67.47,120.60,0.00 100.0,156.0,0 129.60,160.00,0.00
277 66.99,120.24,0.00 98.0,158.0,0 129.20,160.00,0.00
278 66.51,119.88,0.00 99.0,157.0,0 128.80,160.00,0.00
279 66.02,119.52,0.00 99.0,157.0,0 128.40,160.00,0.00
280 65.54,119.16,0.00 101.0,153.0,0 128.00,160.00,0.00
281 65.06,118.80,0.00 102.0,152.0,0 127.60,160.00,0.00
282 64.58,118.43,0.00 100.0,152.0,0 127.20,160.00,0.00
283 64.10,118.07,0.00 99.0,155.0,0 126.80,160.00,0.00
284 63.61,117.71,0.00 101.0,155.0,0 126.40,160.00,0.00
285 63.13,117.35,0.00 104.0,156.0,0 126.00,160.00,0.00
286 62.65,116.99,0.00 105.0,159.0,0 125.60,160.00,0.00
287 62.17,116.63,0.00 102.0,158.0,0 125.20,160.00,0.00
288 61.69,116.27,0.00 106.0,158.0,0 124.80,160.00,0.00
289 61.20,115.90,0.00 107.0,157.0,0 124.40,160.00,0.00
290 60.72,115.54,0.00 103.0,159.0,0 124.00,160.00,0.00
291 60.24,115.18,0.00 103.0,159.0,0 123.60,160.00,0.00
292 59.76,114.82,0.00 103.0,157.0,0 123.20,160.00,0.00
293 59.28,114.46,0.00 102.0,156.0,0 122.80,160.00,0.00
294 58.80,114.10,0.00 101.0,155.0,0 122.40,160.00,0.00
295 58.31,113.73,0.00 100.0,156.0,0 122.00,160.00,0.00
296 57.83,113.37,0.00 97.0,157.0,0 121.60,160.00,0.00
297 57.35,113.01,0.00 97.0,155.0,0 121.20,160.00,0.00
298 56.87,112.65,0.00 100.0,152.0,0 120.80,160.00,0.00
299 56.39,112.29,0.00 102.0,154.0,0 120.40,160.00,0.00
300 55.90,111.93,0.00 103.0,149.0,0 120.00,160.00,0.00
301 55.42,111.57,0.00 105.0,151.0,0 119.60,160.00,0.00
302 54.94,111.20,0.00 104.0,150.0,0 119.20,160.00,0.00
303 54.46,110.84,0.00 106.0,148.0,0 118.80,160.00,0.00
304 53.98,110.48,0.00 106.0,144.0,0 118.40,160.00,0.00
305 53.49,110.12,0.00 106.0,144.0,0 118.00,160.00,0.00
306 53.01,109.76,0.00 107.0,143.0,0 117.60,160.00,0.00
307 52.53,109.40,0.00 105.0,141.0,0 117.20,160.00,0.00
308 52.05,109.04,0.00 108.0,140.0,0 116.80,160.00,0.00
309 51.57,108.67,0.00 105.0,137.0,0 116.40,160.00,0.00
310 51.08,108.31,0.00 103.0,135.0,0 116.00,160.00,0.00
311 50.60,107.95,0.00 106.0,136.0,0 115.60,160.00,0.00
312 50.12,107.59,0.00 107.0,139.0,0 115.20,160.00,0.00
313 49.64,107.23,0.00 108.0,142.0,0 114.80,160.00,0.00
314 49.16,106.87,0.00 109.0,141.0,0 114.40,160.00,0.00
315 48.67,106.51,0.00 111.0,139.0,0 114.00,160.00,0.00
316 48.19,106.14,0.00 112.0,138.0,0 113.60,160.00,0.00
317 47.71,105.78,0.00 113.0,139.0,0 113.20,160.00,0.00
318 47.23,105.42,0.00 113.0,141.0,0 112.80,160.00,0.00
319 46.75,105.06,0.00 114.0,144.0,0 112.40,160.00,0.00
320 46.27,104.70,0.00 117.0,141.0,0 112.00,160.00,0.00
321 45.78,104.34,0.00 117.0,143.0,0 111.60,160.00,0.00
322 45.30,103.98,0.00 115.0,141.0,0 111.20,160.00,0.00
323 44.82,103.61,0.00 116.0,138.0,0 110.80,160.00,0.00
324 44.34,103.25,0.00 114.0,136.0,0 110.40,160.00,0.00
325 43.86,102.89,0.00 118.0,138.0,0 110.00,160.00,0.00
326 43.37,102.53,0.00 114.0,136.0,0 109.60,160.00,0.00
327 42.89,102.17,0.00 113.0,139.0,0 109.20,160.00,0.00
328 42.41,101.81,0.00 115.0,141.0,0 108.80,160.00,0.00
329 41.93,101.45,0.00 116.0,144.0,0 108.40,160.00,0.00
330 41.45,101.08,0.00 119.0,141.0,0 108.00,160.00,0.00
331 40.96,100.72,0.00 120.0,142.0,0 107.60,160.00,0.00
332 40.48,100.36,0.00 122.0,142.0,0 107.20,160.00,0.00
333 40.00,100.00,0.00 118.0,142.0,0 106.80,160.00,0.00
334 40.48,100.36,0.00 117.0,139.0,0 106.40,160.00,0.00
335 40.96,100.72,0.00 120.0,140.0,0 106.00,160.00,0.00
336 41.44,101.08,0.00 121.0,139.0,0 105.60,160.00,0.00
337 41.92,101.44,0.00 121.0,137.0,0 105.20,160.00,0.00
338 42.40,101.80,0.00 119.0,135.0,0 104.80,160.00,0.00
339 42.87,102.16,0.00 122.0,136.0,0 104.40,160.00,0.00
340 43.35,102.51,0.00 119.0,137.0,0 104.00,160.00,0.00
341 43.83,102.87,0.00 121.0,135.0,0 103.60,160.00,0.00
342 44.31,103.23,0.00 121.0,141.0,0 103.20,160.00,0.00
343 44.79,103.59,0.00 120.0,142.0,0 102.80,160.00,0.00
344 45.27,103.95,0.00 119.0,143.0,0 102.40,160.00,0.00
345 45.75,104.31,0.00 117.0,141.0,0 102.00,160.00,0.00
346 46.23,104.67,0.00 116.0,140.0,0 101.60,160.00,0.00
347 46.71,105.03,0.00 117.0,139.0,0 101.20,160.00,0.00
348 47.19,105.39,0.00 120.0,140.0,0 100.80,160.00,0.00
349 47.66,105.75,0.00 118.0,140.0,0 100.40,160.00,0.00
350 48.14,106.11,0.00 116.0,140.0,0 100.00,160.00,0.00
351 48.62,106.47,0.00 117.0,139.0,0 99.60,160.00,0.00
352 49.10,106.83,0.00 118.0,142.0,0 99.20,160.00,0.00
353 49.58,107.19,0.00 119.0,139.0,0 98.80,160.00,0.00
354 50.06,107.54,0.00 123.0,143.0,0 98.40,160.00,0.00
355 50.54,107.90,0.00 124.0,144.0,0 98.00,160.00,0.00
356 51.02,108.26,0.00 122.0,144.0,0 97.60,160.00,0.00
357 51.50,108.62,0.00 127.0,145.0,0 97.20,160.00,0.00
358 51.98,108.98,0.00 126.0,148.0,0 96.80,160.00,0.00
359 52.46,109.34,0.00 123.0,149.0,0 96.40,160.00,0.00
360 52.93,109.70,0.00 123.0,149.0,0 96.00,160.00,0.00
361 53.41,110.06,0.00 121.0,151.0,0 95.60,160.00,0.00
362 53.89,110.42,0.00 122.0,150.0,0 95.20,160.00,0.00
363 54.37,110.78,0.00 121.0,151.0,0 94.80,160.00,0.00
364 54.85,111.14,0.00 121.0,149.0,0 94.40,160.00,0.00
365 55.33,111.50,0.00 120.0,146.0,0 94.00,160.00,0.00
366 55.81,111.86,0.00 122.0,148.0,0 93.60,160.00,0.00
367 56.29,112.22,0.00 124.0,150.0,0 93.20,160.00,0.00
368 56.77,112.57,0.00 126.0,148.0,0 92.80,160.00,0.00
369 57.25,112.93,0.00 126.0,150.0,0 92.40,160.00,0.00
370 57.72,113.29,0.00 125.0,147.0,0 92.00,160.00,0.00
371 58.20,113.65,0.00 125.0,149.0,0 91.60,160.00,0.00
372 58.68,114.01,0.00 125.0,149.0,0 91.20,160.00,0.00
373 59.16,114.37,0.00 124.0,152.0,0 90.80,160.00,0.00
374 59.64,114.73,0.00 121.0,153.0,0 90.40,160.00,0.00
375 60.12,115.09,0.00 121.0,153.0,0 90.00,160.00,0.00
376 60.60,115.45,0.00 125.0,153.0,0 89.60,160.00,0.00
377 61.08,115.81,0.00 123.0,151.0,0 89.20,160.00,0.00
378 61.56,116.17,0.00 123.0,149.0,0 88.80,160.00,0.00
379 62.04,116.53,0.00 122.0,148.0,0 88.40,160.00,0.00
380 62.51,116.89,0.00 120.0,148.0,0 88.00,160.00,0.00
381 62.99,117.25,0.00 117.0,151.0,0 87.60,160.00,0.00
382 63.47,117.60,0.00 114.0,148.0,0 87.20,160.00,0.00
383 63.95,117.96,0.00 115.0,151.0,0 86.80,160.00,0.00
384 64.43,118.32,0.00 115.0,147.0,0 86.40,160.00,0.00
385 64.91,118.68,0.00 116.0,150.0,0 86.00,160.00,0.00
386 65.39,119.04,0.00 115.0,149.0,0 85.60,160.00,0.00
387 65.87,119.40,0.00 112.0,150.0,0 85.20,160.00,0.00
388 66.35,119.76,0.00 116.0,150.0,0 84.80,160.00,0.00
389 66.83,120.12,0.00 113.0,149.0,0 84.40,160.00,0.00
390 67.31,120.48,0.00 113.0,149.0,0 84.00,160.00,0.00
391 67.78,120.84,0.00 116.0,150.0,0 83.60,160.00,0.00
392 68.26,121.20,0.00 114.0,152.0,0 83.20,160.00,0.00
393 68.74,121.56,0.00 113.0,155.0,0 82.80,160.00,0.00
394 69.22,121.92,0.00 114.0,160.0,0 82.40,160.00,0.00
395 69.70,122.28,0.00 115.0,163.0,0 82.00,160.00,0.00
396 70.18,122.63,0.00 115.0,159.0,0 81.60,160.00,0.00
397 70.66,122.99,0.00 116.0,158.0,0 81.20,160.00,0.00
398 71.14,123.35,0.00 118.0,160.0,0 80.80,160.00,0.00
399 71.62,123.71,0.00 119.0,153.0,0 80.40,160.00,0.00
400 72.10,124.07,0.00 118.0,152.0,0 80.00,160.00,0.00
401 72.57,124.43,0.00 119.0,151.0,0 79.60,160.00,0.00
402 73.05,124.79,0.00 117.0,153.0,0 79.20,160.00,0.00
403 73.53,125.15,0.00 113.0,155.0,0 78.80,160.00,0.00
404 74.01,125.51,0.00 110.0,154.0,0 78.40,160.00,0.00
405 74.49,125.87,0.00 106.0,156.0,0 78.00,160.00,0.00
406 74.97,126.23,0.00 106.0,154.0,0 77.60,160.00,0.00
407 75.45,126.59,0.00 104.0,156.0,0 77.20,160.00,0.00
408 75.93,126.95,0.00 102.0,156.0,0 76.80,160.00,0.00
409 76.41,127.31,0.00 100.0,158.0,0 76.40,160.00,0.00
410 76.89,127.66,0.00 98.0,162.0,0 76.00,160.00,0.00
411 77.37,128.02,0.00 100.0,160.0,0 75.60,160.00,0.00
412 77.84,128.38,0.00 101.0,163.0,0 75.20,160.00,0.00
413 78.32,128.74,0.00 104.0,162.0,0 74.80,160.00,0.00
414 78.80,129.10,0.00 106.0,164.0,0 74.40,160.00,0.00
415 79.28,129.46,0.00 105.0,163.0,0 74.00,160.00,0.00
416 79.76,129.82,0.00 107.0,163.0,0 73.60,160.00,0.00
417 80.24,130.18,0.00 107.0,165.0,0 73.20,160.00,0.00
418 80.72,130.54,0.00 109.0,165.0,0 72.80,160.00,0.00
419 81.20,130.90,0.00 108.0,164.0,0 72.40,160.00,0.00
420 81.68,131.26,0.00 106.0,168.0,0 72.00,160.00,0.00
421 82.16,131.62,0.00 104.0,166.0,0 71.60,160.00,0.00
422 82.63,131.98,0.00 106.0,168.0,0 71.20,160.00,0.00
423 83.11,132.34,0.00 107.0,163.0,0 70.80,160.00,0.00
424 83.59,132.69,0.00 107.0,163.0,0 70.40,160.00,0.00
425 84.07,133.05,0.00 108.0,162.0,0 70.00,160.00,0.00
426 84.55,133.41,0.00 105.0,165.0,0 69.60,160.00,0.00
427 85.03,133.77,0.00 107.0,167.0,0 69.20,160.00,0.00
428 85.51,134.13,0.00 105.0,167.0,0 68.80,160.00,0.00
429 85.99,134.49,0.00 105.0,165.0,0 68.40,160.00,0.00
430 86.47,134.85,0.00 101.0,167.0,0 68.00,160.00,0.00
431 86.95,135.21,0.00 98.0,166.0,0 67.60,160.00,0.00
432 87.43,135.57,0.00 95.0,167.0,0 67.20,160.00,0.00
433 87.90,135.93,0.00 93.0,171.0,0 66.80,160.00,0.00
434 88.38,136.29,0.00 91.0,171.0,0 66.40,160.00,0.00
435 88.86,136.65,0.00 90.0,172.0,0 66.00,160.00,0.00
436 89.34,137.01,0.00 94.0,172.0,0 65.60,160.00,0.00
437 89.82,137.37,0.00 95.0,173.0,0 65.20,160.00,0.00
438 90.30,137.72,0.00 92.0,172.0,0 64.80,160.00,0.00
439 90.78,138.08,0.00 94.0,172.0,0 64.40,160.00,0.00
440 91.26,138.44,0.00 94.0,166.0,0 64.00,160.00,0.00
441 91.74,138.80,0.00 100.0,166.0,0 63.60,160.00,0.00
442 92.22,139.16,0.00 97.0,169.0,0 63.20,160.00,0.00
443 92.69,139.52,0.00 97.0,171.0,0 62.80,160.00,0.00
444 93.17,139.88,0.00 99.0,171.0,0 62.40,160.00,0.00
445 93.65,140.24,0.00 96.0,168.0,0 62.00,160.00,0.00
446 94.13,140.60,0.00 97.0,167.0,0 61.60,160.00,0.00
447 94.61,140.96,0.00 101.0,167.0,0 61.20,160.00,0.00
448 95.09,141.32,0.00 105.0,169.0,0 60.80,160.00,0.00
449 95.57,141.68,0.00 108.0,170.0,0 60.40,160.00,0.00
450 96.05,142.04,0.00 109.0,167.0,0 60.00,160.00,0.00
451 96.53,142.40,0.00 110.0,168.0,0 59.60,160.00,0.00
452 97.01,142.75,0.00 110.0,168.0,0 59.20,160.00,0.00
453 97.49,143.11,0.00 110.0,166.0,0 58.80,160.00,0.00
454 97.96,143.47,0.00 109.0,165.0,0 58.40,160.00,0.00
455 98.44,143.83,0.00 106.0,164.0,0 58.00,160.00,0.00
456 98.92,144.19,0.00 103.0,167.0,0 57.60,160.00,0.00
457 99.40,144.55,0.00 103.0,171.0,0 57.20,160.00,0.00
458 99.88,144.91,0.00 103.0,171.0,0 56.80,160.00,0.00
459 100.36,145.27,0.00 101.0,175.0,0 56.40,160.00,0.00
460 100.84,145.63,0.00 99.0,177.0,0 56.00,160.00,0.00
461 101.32,145.99,0.00 100.0,180.0,0 55.60,160.00,0.00
462 101.80,146.35,0.00 101.0,183.0,0 55.20,160.00,0.00
463 102.28,146.71,0.00 97.0,179.0,0 54.80,160.00,0.00
464 102.75,147.07,0.00 98.0,180.0,0 54.40,160.00,0.00
465 103.23,147.43,0.00 102.0,178.0,0 54.00,160.00,0.00
466 103.71,147.78,0.00 104.0,182.0,0 53.60,160.00,0.00
467 104.19,148.14,0.00 104.0,182.0,0 53.20,160.00,0.00
468 104.67,148.50,0.00 105.0,179.0,0 52.80,160.00,0.00
469 105.15,148.86,0.00 104.0,182.0,0 52.40,160.00,0.00
470 105.63,149.22,0.00 103.0,181.0,0 52.00,160.00,0.00
471 106.11,149.58,0.00 101.0,181.0,0 51.60,160.00,0.00
472 106.59,149.94,0.00 105.0,181.0,0 51.20,160.00,0.00
473 107.07,150.30,0.00 107.0,179.0,0 50.80,160.00,0.00
474 107.54,150.66,0.00 106.0,182.0,0 50.40,160.00,0.00
475 108.02,151.02,0.00 105.0,183.0,0 50.00,160.00,0.00
476 108.50,151.38,0.00 104.0,188.0,0 49.60,160.00,0.00
477 108.98,151.74,0.00 102.0,186.0,0 49.20,160.00,0.00
478 109.46,152.10,0.00 101.0,187.0,0 48.80,160.00,0.00
479 109.94,152.46,0.00 98.0,188.0,0 48.40,160.00,0.00
480 110.42,152.81,0.00 98.0,186.0,0 48.00,160.00,0.00
481 110.90,153.17,0.00 97.0,183.0,0 47.60,160.00,0.00
482 111.38,153.53,0.00 97.0,181.0,0 47.20,160.00,0.00
483 111.86,153.89,0.00 96.0,180.0,0 46.80,160.00,0.00
484 112.34,154.25,0.00 99.0,183.0,0 46.40,160.00,0.00
485 112.81,154.61,0.00 96.0,186.0,0 46.00,160.00,0.00
486 113.29,154.97,0.00 97.0,183.0,0 45.60,160.00,0.00
487 113.77,155.33,0.00 96.0,180.0,0 45.20,160.00,0.00
488 114.25,155.69,0.00 97.0,177.0,0 44.80,160.00,0.00
489 114.73,156.05,0.00 99.0,177.0,0 44.40,160.00,0.00
490 115.21,156.41,0.00 100.0,176.0,0 44.00,160.00,0.00
491 115.69,156.77,0.00 99.0,179.0,0 43.60,160.00,0.00
492 116.17,157.13,0.00 101.0,177.0,0 43.20,160.00,0.00
493 116.65,157.49,0.00 99.0,171.0,0 42.80,160.00,0.00
494 117.13,157.84,0.00 94.0,168.0,0 42.40,160.00,0.00
495 117.60,158.20,0.00 94.0,166.0,0 42.00,160.00,0.00
496 118.08,158.56,0.00 96.0,164.0,0 41.60,160.00,0.00
497 118.56,158.92,0.00 95.0,167.0,0 41.20,160.00,0.00
498 119.04,159.28,0.00 98.0,168.0,0 40.80,160.00,0.00
499 119.52,159.64,0.00 99.0,167.0,0 40.40,160.00,0.00
