0 20.56,150.08,0.0
1 21.12,150.16,0.0
2 21.68,150.24,0.0
3 22.24,150.32,0.0
4 22.8,150.4,0.0
5 23.36,150.48,0.0
6 23.92,150.56,0.0
7 24.48,150.64,0.0
8 25.04,150.72,0.0
9 25.6,150.8,0.0
10 26.16,150.88,0.0
11 26.72,150.96,0.0
12 27.28,151.04,0.0
13 27.84,151.12,0.0
14 28.4,151.2,0.0
15 28.96,151.28,0.0
16 29.52,151.36,0.0
17 30.08,151.44,0.0
18 30.64,151.52,0.0
19 31.2,151.6,0.0
20 31.76,151.68,0.0
21 32.32,151.76,0.0
22 32.88,151.84,0.0
23 33.44,151.92,0.0
24 34.0,152.0,0.0
25 34.56,152.08,0.0
26 35.12,152.16,0.0
27 35.68,152.24,0.0
28 36.24,152.32,0.0
29 36.8,152.4,0.0
30 37.36,152.48,0.0
31 37.92,152.56,0.0
32 38.48,152.64,0.0
33 39.04,152.72,0.0
34 39.6,152.8,0.0
35 40.16,152.88,0.0
36 40.72,152.96,0.0
37 41.28,153.04,0.0
38 41.84,153.12,0.0
39 42.4,153.2,0.0
40 42.96,153.28,0.0
41 43.52,153.36,0.0
42 44.08,153.44,0.0
43 44.64,153.52,0.0
44 45.2,153.6,0.0
45 45.76,153.68,0.0
46 46.32,153.76,0.0
47 46.88,153.84,0.0
48 47.44,153.92,0.0
49 48.0,154.0,0.0
50 48.56,154.08,0.0
51 49.12,154.16,0.0
52 49.68,154.24,0.0
53 50.24,154.32,0.0
54 50.8,154.4,0.0
55 51.36,154.48,0.0
56 51.92,154.56,0.0
57 52.48,154.64,0.0
58 53.04,154.72,0.0
59 53.6,154.8,0.0
60 54.16,154.88,0.0
61 54.72,154.96,0.0
62 55.28,155.04,0.0
63 55.84,155.12,0.0
64 56.4,155.2,0.0
65 56.96,155.28,0.0
66 57.52,155.36,0.0
67 58.08,155.44,0.0
68 58.64,155.52,0.0
69 59.2,155.6,0.0
70 59.76,155.68,0.0
71 60.32,155.76,0.0
72 60.88,155.84,0.0
73 61.44,155.92,0.0
74 62.0,156.0,0.0
75 62.56,156.08,0.0
76 63.12,156.16,0.0
77 63.68,156.24,0.0
78 64.24,156.32,0.0
79 64.8,156.4,0.0
80 65.36,156.48,0.0
81 65.92,156.56,0.0
82 66.48,156.64,0.0
83 67.04,156.72,0.0
84 67.6,156.8,0.0
85 68.16,156.88,0.0
86 68.72,156.96,0.0
87 69.28,157.04,0.0
88 69.84,157.12,0.0
89 70.4,157.2,0.0
90 70.96,157.28,0.0
91 71.52,157.36,0.0
92 72.08,157.44,0.0
93 72.64,157.52,0.0
94 73.2,157.6,0.0
95 73.76,157.68,0.0
96 74.32,157.76,0.0
97 74.88,157.84,0.0
98 75.44,157.92,0.0
99 76.0,158.0,0.0
100 76.56,158.08,0.0
101 77.12,158.16,0.0
102 77.68,158.24,0.0
103 78.24,158.32,0.0
104 78.8,158.4,0.0
105 79.36,158.48,0.0
106 79.92,158.56,0.0
107 80.48,158.64,0.0
108 81.04,158.72,0.0
109 81.6,158.8,0.0
110 82.16,158.88,0.0
111 82.72,158.96,0.0
112 83.28,159.04,0.0
113 83.84,159.12,0.0
114 84.4,159.2,0.0
115 84.96,159.28,0.0
116 85.52,159.36,0.0
117 86.08,159.44,0.0
118 86.64,159.52,0.0
119 87.2,159.6,0.0
120 87.76,159.68,0.0
121 88.32,159.76,0.0
122 88.88,159.84,0.0
123 89.44,159.92,0.0
124 90.0,160.0,0.0
125 90.56,160.08,0.0
126 91.12,160.16,0.0
127 91.68,160.24,0.0
128 92.24,160.32,0.0
129 92.8,160.4,0.0
130 93.36,160.48,0.0
131 93.92,160.56,0.0
132 94.48,160.64,0.0
133 95.04,160.72,0.0
134 95.6,160.8,0.0
135 96.16,160.88,0.0
136 96.72,160.96,0.0
137 97.28,161.04,0.0
138 97.84,161.12,0.0
139 98.4,161.2,0.0
140 98.96,161.28,0.0
141 99.52,161.36,0.0
142 100.08,161.44,0.0
143 100.64,161.52,0.0
144 101.2,161.6,0.0
145 101.76,161.68,0.0
146 102.32,161.76,0.0
147 102.88,161.84,0.0
148 103.44,161.92,0.0
149 104.0,162.0,0.0
150 104.56,162.08,0.0
151 105.12,162.16,0.0
152 105.68,162.24,0.0
153 106.24,162.32,0.0
154 106.8,162.4,0.0
155 107.36,162.48,0.0
156 107.92,162.56,0.0
157 108.48,162.64,0.0
158 109.04,162.72,0.0
159 109.6,162.8,0.0
160 110.16,162.88,0.0
161 110.72,162.96,0.0
162 111.28,163.04,0.0
163 111.84,163.12,0.0
164 112.4,163.2,0.0
165 112.96,163.28,0.0
166 113.52,163.36,0.0
167 114.08,163.44,0.0
168 114.64,163.52,0.0
169 115.2,163.6,0.0
170 115.76,163.68,0.0
171 116.32,163.76,0.0
172 116.88,163.84,0.0
173 117.44,163.92,0.0
174 118.0,164.0,0.0
175 118.56,164.08,0.0
176 119.12,164.16,0.0
177 119.68,164.24,0.0
178 120.24,164.32,0.0
179 120.8,164.4,0.0
180 121.36,164.48,0.0
181 121.92,164.56,0.0
182 122.48,164.64,0.0
183 123.04,164.72,0.0
184 123.6,164.8,0.0
185 124.16,164.88,0.0
186 124.72,164.96,0.0
187 125.28,165.04,0.0
188 125.84,165.12,0.0
189 126.4,165.2,0.0
190 126.96,165.28,0.0
191 127.52,165.36,0.0
192 128.08,165.44,0.0
193 128.64,165.52,0.0
194 129.2,165.6,0.0
195 129.76,165.68,0.0
196 130.32,165.76,0.0
197 130.88,165.84,0.0
198 131.44,165.92,0.0
199 132.0,166.0,0.0
200 132.56,166.08,0.0
201 133.12,166.16,0.0
202 133.68,166.24,0.0
203 134.24,166.32,0.0
204 134.8,166.4,0.0
205 135.36,166.48,0.0
206 135.92,166.56,0.0
207 136.48,166.64,0.0
208 137.04,166.72,0.0
209 137.6,166.8,0.0
210 138.16,166.88,0.0
211 138.72,166.96,0.0
212 139.28,167.04,0.0
213 139.84,167.12,0.0
214 140.4,167.2,0.0
215 140.96,167.28,0.0
216 141.52,167.36,0.0
217 142.08,167.44,0.0
218 142.64,167.52,0.0
219 143.2,167.6,0.0
220 143.76,167.68,0.0
221 144.32,167.76,0.0
222 144.88,167.84,0.0
223 145.44,167.92,0.0
224 146.0,168.0,0.0
225 146.56,168.08,0.0
226 147.12,168.16,0.0
227 147.68,168.24,0.0
228 148.24,168.32,0.0
229 148.8,168.4,0.0
230 149.36,168.48,0.0
231 149.92,168.56,0.0
232 150.48,168.64,0.0
233 151.04,168.72,0.0
234 151.6,168.8,0.0
235 152.16,168.88,0.0
236 152.72,168.96,0.0
237 153.28,169.04,0.0
238 153.84,169.12,0.0
239 154.4,169.2,0.0
240 154.96,169.28,0.0
241 155.52,169.36,0.0
242 156.08,169.44,0.0
243 156.64,169.52,0.0
244 157.2,169.6,0.0
245 157.76,169.68,0.0
246 158.32,169.76,0.0
247 158.88,169.84,0.0
248 159.44,169.92,0.0
249 160.0,170.0,0.0
