0 25.26,70.32,0.0
1 25.52,70.64,0.0
2 25.78,70.96,0.0
3 26.04,71.28,0.0
4 26.3,71.6,0.0
5 26.56,71.92,0.0
6 26.82,72.24,0.0
7 27.08,72.56,0.0
8 27.34,72.88,0.0
9 27.6,73.2,0.0
10 27.86,73.52,0.0
11 28.12,73.84,0.0
12 28.38,74.16,0.0
13 28.64,74.48,0.0
14 28.9,74.8,0.0
15 29.16,75.12,0.0
16 29.42,75.44,0.0
17 29.68,75.76,0.0
18 29.94,76.08,0.0
19 30.2,76.4,0.0
20 30.46,76.72,0.0
21 30.72,77.04,0.0
22 30.98,77.36,0.0
23 31.24,77.68,0.0
24 31.5,78.0,0.0
25 31.76,78.32,0.0
26 32.02,78.64,0.0
27 32.28,78.96,0.0
28 32.54,79.28,0.0
29 32.8,79.6,0.0
30 33.06,79.92,0.0
31 33.32,80.24,0.0
32 33.58,80.56,0.0
33 33.84,80.88,0.0
34 34.1,81.2,0.0
35 34.36,81.52,0.0
36 34.62,81.84,0.0
37 34.88,82.16,0.0
38 35.14,82.48,0.0
39 35.4,82.8,0.0
40 35.66,83.12,0.0
41 35.92,83.44,0.0
42 36.18,83.76,0.0
43 36.44,84.08,0.0
44 36.7,84.4,0.0
45 36.96,84.72,0.0
46 37.22,85.04,0.0
47 37.48,85.36,0.0
48 37.74,85.68,0.0
49 38.0,86.0,0.0
50 38.26,86.32,0.0
51 38.52,86.64,0.0
52 38.78,86.96,0.0
53 39.04,87.28,0.0
54 39.3,87.6,0.0
55 39.56,87.92,0.0
56 39.82,88.24,0.0
57 40.08,88.56,0.0
58 40.34,88.88,0.0
59 40.6,89.2,0.0
60 40.86,89.52,0.0
61 41.12,89.84,0.0
62 41.38,90.16,0.0
63 41.64,90.48,0.0
64 41.9,90.8,0.0
65 42.16,91.12,0.0
66 42.42,91.44,0.0
67 42.68,91.76,0.0
68 42.94,92.08,0.0
69 43.2,92.4,0.0
70 43.46,92.72,0.0
71 43.72,93.04,0.0
72 43.98,93.36,0.0
73 44.24,93.68,0.0
74 44.5,94.0,0.0
75 44.76,94.32,0.0
76 45.02,94.64,0.0
77 45.28,94.96,0.0
78 45.54,95.28,0.0
79 45.8,95.6,0.0
80 46.06,95.92,0.0
81 46.32,96.24,0.0
82 46.58,96.56,0.0
83 46.84,96.88,0.0
84 47.1,97.2,0.0
85 47.36,97.52,0.0
86 47.62,97.84,0.0
87 47.88,98.16,0.0
88 48.14,98.48,0.0
89 48.4,98.8,0.0
90 48.66,99.12,0.0
91 48.92,99.44,0.0
92 49.18,99.76,0.0
93 49.44,100.08,0.0
94 49.7,100.4,0.0
95 49.96,100.72,0.0
96 50.22,101.04,0.0
97 50.48,101.36,0.0
98 50.74,101.68,0.0
99 51.0,102.0,0.0
100 51.26,102.32,0.0
101 51.52,102.64,0.0
102 51.78,102.96,0.0
103 52.04,103.28,0.0
104 52.3,103.6,0.0
105 52.56,103.92,0.0
106 52.82,104.24,0.0
107 53.08,104.56,0.0
108 53.34,104.88,0.0
109 53.6,105.2,0.0
110 53.86,105.52,0.0
111 54.12,105.84,0.0
112 54.38,106.16,0.0
113 54.64,106.48,0.0
114 54.9,106.8,0.0
115 55.16,107.12,0.0
116 55.42,107.44,0.0
117 55.68,107.76,0.0
118 55.94,108.08,0.0
119 56.2,108.4,0.0
120 56.46,108.72,0.0
121 56.72,109.04,0.0
122 56.98,109.36,0.0
123 57.24,109.68,0.0
124 57.5,110.0,0.0
125 57.76,110.32,0.0
126 58.02,110.64,0.0
127 58.28,110.96,0.0
128 58.54,111.28,0.0
129 58.8,111.6,0.0
130 59.06,111.92,0.0
131 59.32,112.24,0.0
132 59.58,112.56,0.0
133 59.84,112.88,0.0
134 60.1,113.2,0.0
135 60.36,113.52,0.0
136 60.62,113.84,0.0
137 60.88,114.16,0.0
138 61.14,114.48,0.0
139 61.4,114.8,0.0
140 61.66,115.12,0.0
141 61.92,115.44,0.0
142 62.18,115.76,0.0
143 62.44,116.08,0.0
144 62.7,116.4,0.0
145 62.96,116.72,0.0
146 63.22,117.04,0.0
147 63.48,117.36,0.0
148 63.74,117.68,0.0
149 64.0,118.0,0.0
150 64.26,118.32,0.0
151 64.52,118.64,0.0
152 64.78,118.96,0.0
153 65.04,119.28,0.0
154 65.3,119.6,0.0
155 65.56,119.92,0.0
156 65.82,120.24,0.0
157 66.08,120.56,0.0
158 66.34,120.88,0.0
159 66.6,121.2,0.0
160 66.86,121.52,0.0
161 67.12,121.84,0.0
162 67.38,122.16,0.0
163 67.64,122.48,0.0
164 67.9,122.8,0.0
165 68.16,123.12,0.0
166 68.42,123.44,0.0
167 68.68,123.76,0.0
168 68.94,124.08,0.0
169 69.2,124.4,0.0
170 69.46,124.72,0.0
171 69.72,125.04,0.0
172 69.98,125.36,0.0
173 70.24,125.68,0.0
174 70.5,126.0,0.0
175 70.76,126.32,0.0
176 71.02,126.64,0.0
177 71.28,126.96,0.0
178 71.54,127.28,0.0
179 71.8,127.6,0.0
180 72.06,127.92,0.0
181 72.32,128.24,0.0
182 72.58,128.56,0.0
183 72.84,128.88,0.0
184 73.1,129.2,0.0
185 73.36,129.52,0.0
186 73.62,129.84,0.0
187 73.88,130.16,0.0
188 74.14,130.48,0.0
189 74.4,130.8,0.0
190 74.66,131.12,0.0
191 74.92,131.44,0.0
192 75.18,131.76,0.0
193 75.44,132.08,0.0
194 75.7,132.4,0.0
195 75.96,132.72,0.0
196 76.22,133.04,0.0
197 76.48,133.36,0.0
198 76.74,133.68,0.0
199 77.0,134.0,0.0
200 77.26,134.32,0.0
201 77.52,134.64,0.0
202 77.78,134.96,0.0
203 78.04,135.28,0.0
204 78.3,135.6,0.0
205 78.56,135.92,0.0
206 78.82,136.24,0.0
207 79.08,136.56,0.0
208 79.34,136.88,0.0
209 79.6,137.2,0.0
210 79.86,137.52,0.0
211 80.12,137.84,0.0
212 80.38,138.16,0.0
213 80.64,138.48,0.0
214 80.9,138.8,0.0
215 81.16,139.12,0.0
216 81.42,139.44,0.0
217 81.68,139.76,0.0
218 81.94,140.08,0.0
219 82.2,140.4,0.0
220 82.46,140.72,0.0
221 82.72,141.04,0.0
222 82.98,141.36,0.0
223 83.24,141.68,0.0
224 83.5,142.0,0.0
225 83.76,142.32,0.0
226 84.02,142.64,0.0
227 84.28,142.96,0.0
228 84.54,143.28,0.0
229 84.8,143.6,0.0
230 85.06,143.92,0.0
231 85.32,144.24,0.0
232 85.58,144.56,0.0
233 85.84,144.88,0.0
234 86.1,145.2,0.0
235 86.36,145.52,0.0
236 86.62,145.84,0.0
237 86.88,146.16,0.0
238 87.14,146.48,0.0
239 87.4,146.8,0.0
240 87.66,147.12,0.0
241 87.92,147.44,0.0
242 88.18,147.76,0.0
243 88.44,148.08,0.0
244 88.7,148.4,0.0
245 88.96,148.72,0.0
246 89.22,149.04,0.0
247 89.48,149.36,0.0
248 89.74,149.68,0.0
249 90.0,150.0,0.0
